#M2_TABLE

3
10

mage~
Mag~
5
8
8
13
1
2
1
5
1
3
1
1
1
1
1
1
0
511
1
1
0

cleric~
Cle~
6
9
8
12
1
2
1
5
1
1
1
1
1
3
1
1
2
109
1
0
0

thief~
Thi~
8
12
0
0
1
3
2
0
3
1
1
1
1
1
1
5
0
504
1
0
0

warrior~
War~
12
16
0
0
1
4
4
0
3
0
2
2
2
1
1
1
0
511
1
0
0

paladin~
Pal~
10
16
4
8
1
4
3
2
2
1
1
1
1
2
1
1
3
5
1
0
0

ranger~
Ran~
10
16
4
8
2
5
2
1
4
2
1
2
2
1
1
2
0
511
1
0
0

blade dancer~
Bld~
7
10
5
9
2
5
1
3
3
3
1
1
1
3
1
1
0
146
1
1
0

monk~
Mon~
8
11
5
9
1
3
2
2
3
2
1
1
1
3
1
1
1
511
1
0
0

sorcerer~
Sor~
6
9
8
13
1
2
1
5
1
1
1
3
1
1
1
1
2
292
1
1
0

druid~
Dru~
6
9
8
12
2
3
2
2
3
0
2
2
2
1
2
2
0
146
1
1
0


