   1 
   3    0    0    0    0    0    0    0    0    0 
   0    0    0    0    0    0    0    0    0    0 
   0    0    0    0    0    0    0    0    0    0 

   0    0    0    0    0    0    0    0    0    0 
   0    0    0    0    0    0    0    0    0    0 
   0    0    0    0    0    0    0    0    0    0 

  53 3373    0   49   28    0   50   46    0  172 
7003    0  171  743    0 1585  661    0 1583   52 
   0   54 1687    0    4 1584    0  236 1563    0 

 244 2507  215  473  901 2508  367  896  122  203 
 755  904  215  518  418 2504  932 1744  181 2509 
 204  282  280  102  210  373  180  907  905  378 

1299  672 1594 1136  720 1595  853 1596 1124 1597 
1299 1123 1594 1596 1124  672 1595  853  720 1597 
1594  672 1299   53 1595 1123  720 1596 1124 1204 

 450  945  360  845  964  633  115  936  952 1748 
 885  949  364 2501  368  647  370  821  937   28 
 283  744  241  281  965  978   11   73  393  819 

   0 1299 1598   85 1599  711  823 1600  667   21 
1246 1299 1598 1333  691 1599 1594   85 1600  667 
 823 1246 1333  691 1599 1594   36 1198   85 1600 

1870 1871 1872 1873 1874 1875 1876 1877 1878 1879 
1880 1881 1882 1883 1884 1885 1886 1887 1888 1889 
1890 1891 1892 1893 1894 1895 1896 1897 1898 1899 

 932  927 1070 2262 1139  805  136 2638 2695 2029 
2695 1501 2401 1812 1588  688 2114 2277 1843 1842 
2289 2329 2638 1714 2637 1139 2612 2267  227 2864 

1913 2571 1915 1916 2570 1918 1919 1920 1921 1922 
   0    0    0    0    0    0    0    0    0    0 
1923 1924 1925 1926 1927 1928 2572 1930 1931 1932 

1023 1979 2035  667 7336 2588 2027  442  932 1230 
   0    0    0    0    0    0    0    0    0    0 
1843 1842  740 2696 2403 2268 2841 2291 2046 1674 

   0    0    0    0    0    0    0    0    0    0 
1971 1969 1970 1968 1972 1973 1974 1975 1976 1977 
   0    0    0    0    0    0    0    0    0    0 

2829 2682 2830 2828 1843 1588 2837 1611 2831 2832 
2794 2308 2839 2791 2793 2789 2846 2795 2838 2792 
2840 2786 2782 2780 2785 2787 2783 2781 2784 2790 

2010 2012 2013 2014 2015 2016 2017 2018 2019 2020 
2021 2022 2023 2024 2025 2026 2027 2028 2029 2030 
2040 2031 2032 2034 2033 2037 2036 2036 2038 2039 

   0    0    0    0    0    0    0    0    0    0 
   0    0    0    0    0    0    0    0    0    0 
   0    0    0    0    0    0    0    0    0    0 

 842    0    0    0    0    0    0    0    0    0 
 842    0    0    0    0    0    0    0    0    0 
 842    0    0    0    0    0    0    0    0    0 

1082    0    0    0    0    0    0    0    0    0 
1082    0    0    0    0    0    0    0    0    0 
1082    0    0    0    0    0    0    0    0    0 

  26   26   26   26   26   26   26   26   26   26 
  26   26   26   26   26   26   26   26   26   26 
  26   26   26   26   26   26   26   26   26   26 

1806 1846 1987 2079 1862 1828 2352 3896 2515 1862 
3898 3904 3907 2515 3905 1832 3903 2099 3902 2230 
3900 3901 3899 1835 3906 2534 7650 3897 7889 2617 

 243 4308 7399 4241 4309    0    0    0    0    0 
   0    0    0    0    0    0    0    0    0    0 
4310    0    0    0    0    0    0    0    0    0 

7917 3917 3919 3918 3926    0    0    0    0    0 
   0 3921 3923 3922 3924 3916 3914 3915    0 3920 
7921 7922    0    0    0 3912 3913 3911 3929 3930 

2548 2549 2552 2554 2556 2559 2561 2563 2565 2567 
   0    0    0    0    0    0    0    0    0    0 
2550 2551 2553 2555 2557 2560 2562 2564 2566 2568 

  49 1299 1599 1600 1484 3888 1846 1595 2837 1597 
   0    0    0    0    0    0    0    0    0    0 
  49 1299 1599 1600 1484 3888 1846 1595 2837 1597 

2539 1917 2639    0    0    0    0    0    0    0 
   0    0    0    0    0    0    0    0    0    0 
1929 2638 2640    0    0    0    0    0    0    0 

 699  943 3654    0    0    0    0    0    0    0 
   0    0    0    0    0    0    0    0    0    0 
2404 2330  641    0    0    0    0    0    0    0 

2626    0    0    0    0    0    0    0    0    0 
2626    0    0    0    0    0    0    0    0    0 
2626    0    0    0    0    0    0    0    0    0 

4078    0    0    0    0    0    0    0    0    0 
4078    0    0    0    0    0    0    0    0    0 
4078    0    0    0    0    0    0    0    0    0 

   0    0    0    0    0    0    0    0    0    0 
   0    0    0    0    0    0    0    0    0    0 
2622    0    0    0    0    0    0    0    0    0 

   0    0    0    0    0    0    0    0    0    0 
   0    0    0    0    0    0    0    0    0    0 
4022    0    0    0    0    0    0    0    0    0 

2620    0    0    0    0    0    0    0    0    0 
2620    0    0    0    0    0    0    0    0    0 
2620    0    0    0    0    0    0    0    0    0 

3981    0    0    0    0    0    0    0    0    0 
3981    0    0    0    0    0    0    0    0    0 
3981    0    0    0    0    0    0    0    0    0 

2636    0    0    0    0    0    0    0    0    0 
2636    0    0    0    0    0    0    0    0    0 
2636    0    0    0    0    0    0    0    0    0 

4078    0    0    0    0    0    0    0    0    0 
4078    0    0    0    0    0    0    0    0    0 
4078    0    0    0    0    0    0    0    0    0 

2621    0    0    0    0    0    0    0    0    0 
2621    0    0    0    0    0    0    0    0    0 
2621    0    0    0    0    0    0    0    0    0 

4021    0    0    0    0    0    0    0    0    0 
4021    0    0    0    0    0    0    0    0    0 
4021    0    0    0    0    0    0    0    0    0 

   0    0    0    0    0    0    0    0    0    0 
   0    0    0    0    0    0    0    0    0    0 
   0    0    0    0    0    0    0    0    0    0 

   0    0    0    0    0    0    0    0    0    0 
   0    0    0    0    0    0    0    0    0    0 
   0    0    0    0    0    0    0    0    0    0 

   0    0    0    0    0    0    0    0    0    0 
   0    0    0    0    0    0    0    0    0    0 
   0    0    0    0    0    0    0    0    0    0 

   0    0    0    0    0    0    0    0    0    0 
   0    0    0    0    0    0    0    0    0    0 
   0    0    0    0    0    0    0    0    0    0 

