#M2_TABLE

0
12

None~
Non~
0
0
0
0
0
0
0
0
0
0
0
0
0
0
0
0
0
0
0
0
0
0
0
0
0
0
0
0

Secomber~
Sec~
0
0
0
0
50
20
20
20
20
-20
-10
-20
-20
-20
0
0
0
0
0
100
60
-80
80
30
-90
40
-20
-100

Eleint~
Ele~
0
0
0
0
10
65
10
5
5
-10
-10
-10
-10
-15
20
0
0
0
0
100
40
-100
60
40
-100
0
-20
-100

Thorstag~
Tho~
0
0
0
0
15
15
60
30
0
-20
-20
-20
-20
-20
15
0
0
0
0
100
60
-80
80
40
-90
40
10
-100

Khedrun~
Khe~
0
0
0
0
30
10
40
70
5
-15
-15
-15
-15
-15
0
0
0
0
0
100
30
-80
70
60
-90
30
-20
-100

Stahl~
Sta~
0
0
0
0
5
5
5
5
50
-5
-5
-5
-5
-5
0
0
0
0
0
80
60
-90
80
100
-90
50
0
-100

Karse~
Kar~
0
0
0
0
-20
-20
-20
-10
0
40
10
10
10
20
-20
0
0
0
0
-100
-80
60
-100
-60
70
-90
20
70

Nethril~
Net~
0
0
0
0
-20
-20
-20
-20
-10
15
20
15
15
5
-20
0
0
0
0
-100
-90
30
-100
-90
80
-100
-70
90

Azak~
Aza~
0
0
0
0
-20
-20
-20
-20
-20
5
10
30
10
10
-20
0
0
0
0
-100
-90
60
-100
-60
70
-100
-50
80

Jezvik~
Jvk~
0
0
0
0
-20
-20
-20
-20
-10
20
10
10
40
10
-20
0
0
0
0
-100
-70
40
-100
-40
80
-100
-30
90

Dvyie~
Dvy~
0
0
0
0
-20
-25
-20
-20
5
5
5
10
10
60
-20
0
0
0
0
-100
20
40
-100
-60
90
-90
20
50

Byzantil~
Byz~
0
0
0
0
15
20
15
20
0
-20
-20
-20
-80
-20
60
0
0
0
0
20
60
20
30
40
30
-20
0
-20


