#M2_TABLE

5
700

appraise~
~
0
~
0
3
3
5
1
6
4
4
4
-1
3
4
5
5
3
20
23
23
13
1
1
24
0
40
0
0
0
0
0
0
0
0
0
0
0
0
0
0
0
0
~

armorer~
weaponsmith~
8
~
0
3
-1
-1
-1
6
6
-1
-1
-1
-1
-1
-2
-2
3
40
50
-2
-2
-2
-2
-2
1
5
0
0
0
0
0
0
0
0
0
0
0
0
0
0
0
0
~

assassinate~
backstab~
10
~
0
3
-1
-1
11
-1
-1
-1
-1
-1
-1
-1
-1
-1
30
-1
-1
-1
-1
-1
-1
-2
2
10
0
1
0
0
0
0
0
0
0
0
0
0
0
0
0
0
~

backstab~
sneak~
7
hide~
7
3
-1
-1
4
-1
-1
-1
-1
-1
-1
-1
-2
-2
5
-2
-2
-2
-2
-2
-2
-2
3
10
0
1
0
0
0
0
0
0
0
0
0
0
0
0
0
0
~

bandage~
~
0
~
0
3
2
1
3
3
1
2
3
4
2
1
1
1
1
1
1
1
1
1
1
1
4
0
0
0
0
0
0
0
0
0
0
0
0
0
0
0
0
0
~

bash~
punch~
5
~
0
3
6
8
8
3
3
4
2
5
5
8
25
23
15
3
7
7
7
10
22
23
5
0
0
0
0
0
0
0
0
0
0
0
0
0
0
0
0
0
~

bear grasp~
locust kick~
7
~
0
3
-1
-1
-1
-1
-1
-1
8
-1
-1
-1
-1
-1
-1
-1
-1
-1
27
-1
-1
-2
6
5
0
0
0
0
0
0
0
0
0
0
0
0
0
0
0
0
~

berserk~
second attack~
7
~
0
3
-1
-1
-1
6
-1
-1
-1
-1
-1
-1
-2
-2
-2
30
-2
-2
-2
-2
-2
-2
7
0
0
0
0
0
0
0
0
0
0
0
0
0
0
0
0
0
~

blackjack~
assassinate~
9
~
0
3
-1
-1
9
-1
-1
-1
-1
-1
-1
-1
-2
-2
47
-2
-2
-2
-2
-2
-2
-2
0
10
0
0
0
0
0
0
0
0
0
0
0
0
0
0
0
0
~

blind fighting~
trance~
7
~
0
3
-1
-1
-1
-1
-1
-1
8
-1
-1
-1
-1
-1
-1
-1
-1
-1
33
-1
-1
-2
9
15
0
0
0
0
0
0
0
0
0
0
0
0
0
0
0
0
~

camouflage~
hide~
10
sneak~
10
3
-1
-1
11
-1
-1
8
-1
-1
-1
-1
-1
-1
60
-1
-1
60
-1
-1
-1
-2
10
25
0
1
0
0
0
0
0
0
0
0
0
0
0
0
0
0
~

camp site~
balm~
10
~
0
3
-1
-1
-1
-1
-1
5
-1
-1
-1
-1
-2
-2
-2
-2
-2
25
-2
-2
-2
-2
11
0
0
0
0
0
0
0
0
0
0
0
0
0
0
0
0
0
75-3*L~

charge~
berserk~
10
disarm~
7
3
-1
-1
-1
7
-1
-1
-1
-1
-1
-1
-1
-1
-1
65
-1
-1
-1
-1
-1
-2
12
0
0
0
0
0
0
0
0
0
0
0
0
0
0
0
0
0
~

nerve strike~
eagle claw~
7
trance~
10
3
-1
-1
-1
-1
-1
-1
12
-1
-1
-1
-2
-2
-2
-2
-2
-2
60
-2
-2
-2
13
5
0
0
0
0
0
0
0
0
0
0
0
0
0
0
0
0
~

climb~
~
0
~
0
3
1
3
1
1
1
1
3
2
1
2
1
1
1
1
1
1
1
1
1
1
14
0
0
0
0
0
0
0
0
0
0
0
0
0
0
0
0
0
~

counter attack~
~
0
~
0
3
-1
-1
-1
-1
-1
-1
-1
8
-1
-1
-1
-1
-1
-1
-1
-1
-1
40
-1
-2
15
0
0
0
0
0
0
0
0
0
0
0
0
0
0
0
0
0
~

double strike~
assassinate~
10
off-hand attack~
10
3
-1
-1
10
-1
-1
-1
-1
-1
-1
-1
-2
-2
65
-2
-2
-2
-2
-2
-2
-2
16
10
0
1
0
0
0
0
0
0
0
0
0
0
0
0
0
0
~

critical hit~
punch~
7
kick~
7
3
-1
-1
-1
-1
-1
-1
7
-1
-1
-1
-2
-2
-2
-2
-2
-2
15
-2
-2
-2
17
5
0
0
0
0
0
0
0
0
0
0
0
0
0
0
0
0
~

death strike~
demon slash~
10
stun~
10
3
-1
-1
-1
-1
-1
-1
16
-1
-1
-1
-2
-2
-2
-2
-2
-2
80
-2
-2
-2
18
5
0
0
0
0
0
0
0
0
0
0
0
0
0
0
0
0
~

demon slash~
dragon strike~
7
~
10
3
-1
-1
-1
-1
-1
-1
16
-1
-1
-1
-2
-2
-2
-2
-2
-2
70
-2
-2
-2
19
5
0
0
0
0
0
0
0
0
0
0
0
0
0
0
0
0
~

disarm~
parry~
7
~
3
3
-1
-1
10
4
3
4
4
4
-1
-1
-2
-2
40
15
25
30
30
20
-1
-2
20
8
0
0
0
0
0
0
0
0
0
0
0
0
0
0
0
0
~

sneak attack~
sneak~
10
peek~
10
3
-1
-1
10
-1
-1
-1
-1
-1
-1
-1
-1
-1
37
-1
-1
-1
-1
-1
-1
-2
21
2
0
0
0
0
0
0
0
0
0
0
0
0
0
0
0
0
~

dodge~
~
0
~
0
3
3
3
1
2
2
2
1
1
3
3
3
3
1
2
2
2
1
1
3
3
22
15
0
0
0
0
0
0
0
0
0
0
0
0
0
0
0
0
~

dowse~
find tinder~
7
~
0
3
-1
-1
-1
-1
-1
3
-1
-1
-1
2
-2
-2
-2
-2
-2
7
-2
-2
-2
3
23
0
0
0
0
0
0
0
0
0
0
0
0
0
0
0
0
0
40-2*L~

dragon strike~
eagle claw~
10
spin kick~
7
3
-1
-1
-1
-1
-1
-1
14
-1
-1
-1
-2
-2
-2
-2
-2
-2
65
-2
-2
-2
24
5
0
0
0
0
0
0
0
0
0
0
0
0
0
0
0
0
~

eagle claw~
stun~
7
~
0
3
-1
-1
-1
-1
-1
-1
12
-1
-1
-1
-1
-1
-1
-1
-1
-1
50
-1
-1
-2
25
5
0
0
0
0
0
0
0
0
0
0
0
0
0
0
0
0
~

endurance~
~
0
~
0
3
-1
-1
-1
4
-1
-1
-1
-1
-1
-1
-1
-1
-1
13
-1
-1
-2
-1
-1
-2
26
9
0
0
0
0
0
0
0
0
0
0
0
0
0
0
0
0
~

energy shift~
transfer energy~
10
~
0
3
-1
-1
-1
-1
-1
-1
14
-1
-1
-1
-1
-1
-1
-1
-1
-1
85
-1
-1
-2
27
10
0
0
0
0
0
0
0
0
0
0
0
0
0
0
0
0
~

ensnare~
web~
10
~
0
3
-1
-1
-1
-1
-1
8
-1
-1
-1
-1
-2
-2
-1
-2
-2
55
-2
-2
-2
-2
28
0
0
0
0
0
0
0
0
0
0
0
0
0
0
0
0
0
100-5*L~

eye gouge~
assassinate~
10
disarm~
7
3
-1
-1
9
-1
-1
-1
-1
-1
-1
-1
-1
-1
70
-1
-1
-1
-1
-1
-1
-2
29
25
0
1
0
0
0
0
0
0
0
0
0
0
0
0
0
0
~

fifth attack~
fourth attack~
10
~
0
3
-1
-1
-1
9
-1
-1
12
-1
-1
-1
-2
-2
-2
75
-2
-2
75
-2
-2
-2
30
30
0
0
0
0
0
0
0
0
0
0
0
0
0
0
0
0
~

find tinder~
~
0
~
0
3
-1
-1
-1
-1
-1
2
-1
-1
-1
2
-2
-2
-2
-2
-2
5
-2
-2
-2
1
31
0
0
0
0
0
0
0
0
0
0
0
0
0
0
0
0
0
20-L~

forage~
dowse~
7
~
0
3
-1
-1
-1
-1
-1
3
-1
-1
-1
3
-2
-2
-2
-2
-2
10
-2
-2
-2
5
32
0
0
0
0
0
0
0
0
0
0
0
0
0
0
0
0
0
30-2*L~

fourth attack~
third attack~
10
guard~
7
3
-1
-1
-1
7
10
8
9
-1
-1
-1
-2
-2
-2
50
60
65
55
-2
-2
-2
33
25
0
0
0
0
0
0
0
0
0
0
0
0
0
0
0
0
~

frenzy~
rescue~
7
berserk~
10
3
-1
-1
-1
9
-1
-1
-1
-1
-1
-1
-1
-1
-1
85
-1
-1
-1
-1
-1
-2
34
40
0
0
0
0
0
0
0
0
0
0
0
0
0
0
0
0
~

garrote~
hamstring~
7
~
0
3
-1
-1
12
-1
-1
-1
-1
-1
-1
-1
-1
-1
85
-1
-1
-1
-1
-1
-1
-2
35
9
0
1
0
0
0
0
0
0
0
0
0
0
0
0
0
0
~

guard~
rescue~
7
disarm~
7
3
-1
-1
11
6
6
6
6
-1
-1
-1
-2
-2
75
35
45
50
47
-2
-1
-2
36
25
0
0
0
0
0
0
0
0
0
0
0
0
0
0
0
0
~

haggle~
appraise~
7
~
0
3
-1
-1
5
-1
-1
-1
-1
-1
-1
-1
-2
-2
13
10
-2
-2
-2
-2
-1
-2
37
20
0
0
0
0
0
0
0
0
0
0
0
0
0
0
0
0
~

hamstring~
sneak attack~
10
eye gouge~
8
3
-1
-1
11
-1
-1
-1
-1
-1
-1
-1
-2
-2
80
-2
-2
-2
-2
-2
-2
-2
38
1
0
0
0
0
0
0
0
0
0
0
0
0
0
0
0
0
~

hardiness~
study opponent~
8
endurance~
8
3
-1
-1
-1
8
-1
-1
-1
-1
-1
-1
-2
-2
-2
25
-2
-2
-2
-2
-2
-2
39
20
0
0
0
0
0
0
0
0
0
0
0
0
0
0
0
0
~

heist~
~
7
~
0
3
-1
-1
-1
-1
-1
-1
-1
-1
-1
-1
-2
-2
99
-1
-2
-2
-2
-2
-1
-2
40
0
0
1
0
0
0
0
0
0
0
0
0
0
0
0
0
0
~

hide~
~
0
~
0
3
-1
-1
1
-1
-1
2
-1
-1
-1
-1
-2
-2
1
-2
-2
5
-2
-2
-1
-2
41
20
0
1
0
0
0
0
0
0
0
0
0
0
0
0
0
0
~

inspect~
peek~
7
searching~
7
3
-1
-1
4
-1
-1
-1
-1
-1
-1
-1
-2
-2
7
-2
-2
-2
-2
-2
20
-2
42
19
0
1
0
0
0
0
0
0
0
0
0
0
0
0
0
0
~

kick~
~
5
~
3
3
4
3
2
1
2
2
1
2
4
3
10
5
5
1
5
3
1
3
10
5
43
10
0
0
0
0
0
0
0
0
0
0
0
0
0
0
0
0
~

lay hands~
~
0
~
0
3
-1
-1
-1
-1
2
-1
-1
-1
-1
-1
-2
3
-2
-2
5
-2
-2
-2
-2
-2
44
20
0
0
0
0
0
0
0
0
0
0
0
0
0
0
0
0
~

leadership~
rescue~
10
tower of iron~
9
3
-1
-1
-1
10
-1
-1
-1
-1
-1
-1
-2
-2
-2
80
-2
-2
-2
-2
-2
-2
45
80
0
0
0
0
0
0
0
0
0
0
0
0
0
0
0
0
~

locust kick~
tiger paw~
7
~
0
3
-1
-1
-1
-1
-1
-1
8
-1
-1
-1
-1
-1
-1
-1
-1
-1
20
-1
-1
-2
46
5
0
0
0
0
0
0
0
0
0
0
0
0
0
0
0
0
~

meditate~
~
0
~
0
3
-1
-1
-1
-1
-1
-1
3
-1
-1
-1
-2
-2
-2
-2
-2
-2
5
-2
-2
-2
47
10
0
0
0
0
0
0
0
0
0
0
0
0
0
0
0
0
~

melee~
fourth attack~
7
rescue~
7
3
-1
-1
-1
7
10
-1
-1
-1
-1
-1
-2
-2
-2
70
85
-1
-2
-2
-2
-2
48
0
0
0
0
0
0
0
0
0
0
0
0
0
0
0
0
0
~

mounted fighting~
second attack~
7
riding~
7
3
-1
-1
-1
6
4
-1
-1
-1
-1
-1
-2
-2
-2
35
30
-2
-2
-2
-2
-2
49
15
0
0
0
0
0
0
0
0
0
0
0
0
0
0
0
0
~

off-hand attack~
second attack~
10
~
-1
3
-1
-1
8
7
-1
5
-1
-1
-1
-1
-2
-2
45
40
-2
30
-1
-2
-1
-2
50
6
0
0
0
0
0
0
0
0
0
0
0
0
0
0
0
0
~

off-hand parry~
off-hand attack~
10
parry~
10
3
-1
-1
-1
8
-1
8
-1
-1
-1
-1
-1
-1
-1
60
-1
40
-1
-1
-1
-2
51
3
0
0
0
0
0
0
0
0
0
0
0
0
0
0
0
0
~

parry~
dodge~
7
~
3
3
8
6
6
3
3
4
3
2
11
6
35
17
15
5
7
10
10
6
35
17
52
8
0
0
0
0
0
0
0
0
0
0
0
0
0
0
0
0
~

path finding~
spot hidden~
8
~
0
3
-1
-1
-1
-1
-1
3
-1
-1
-1
-1
-2
-2
-2
-2
-2
27
-2
-2
-2
-2
53
40
0
0
0
0
0
0
0
0
0
0
0
0
0
0
0
0
~

peek~
~
0
~
0
3
-1
-1
3
-1
-1
-1
-1
-1
-1
-1
-2
-2
5
-2
-2
-2
-2
-2
-1
-2
54
10
0
1
0
0
0
0
0
0
0
0
0
0
0
0
0
0
~

penetrate~
inspect~
7
~
3
3
-1
-1
8
-1
-1
-1
-1
-1
-1
-1
-2
-2
65
-2
-2
-2
-2
-2
-2
-2
55
30
0
1
0
0
0
0
0
0
0
0
0
0
0
0
0
0
~

pick lock~
inspect~
7
~
3
3
-1
-1
4
-1
-1
-1
-1
-1
-1
-1
-2
-2
10
-2
-2
-2
-2
-2
-2
-2
56
9
0
0
0
0
0
0
0
0
0
0
0
0
0
0
0
0
~

combat change~
shape change~
8
~
0
3
-1
-1
-1
-1
-1
-1
-1
-1
-1
10
-2
-2
-2
-2
-2
-2
-2
-2
-2
15
57
10
0
0
0
0
0
0
0
0
0
0
0
0
0
0
0
0
~

power strike~
berserk~
7
off-hand attack~
7
3
-1
-1
-1
7
-1
-1
-1
-1
-1
-1
-1
-1
-1
55
-1
-1
-1
-1
-1
-2
58
5
0
0
0
0
0
0
0
0
0
0
0
0
0
0
0
0
~

preserve equipment~
shield~
10
parry~
10
3
-1
-1
-1
5
4
5
-1
-1
-1
-1
-1
-1
-1
15
20
35
-1
-1
-1
-2
59
40
0
0
0
0
0
0
0
0
0
0
0
0
0
0
0
0
~

probe~
~
6
~
6
2
-1
-1
-1
-1
-1
-1
-1
-1
-1
-1
-2
-2
-2
-2
-2
-2
-2
-2
-2
-2
60
0
0
0
0
0
0
0
0
0
0
0
0
0
0
0
0
0
~

punch~
unarmed~
3
~
0
3
1
3
3
1
2
2
1
2
1
3
1
1
1
1
1
1
1
3
1
1
61
10
0
0
0
0
0
0
0
0
0
0
0
0
0
0
0
0
~

quick strike~
third attack~
8
shield~
8
3
-1
-1
-1
7
6
-1
-1
-1
-1
-1
-2
-2
-2
30
40
-2
-2
-2
-2
-2
62
74
0
0
0
0
0
0
0
0
0
0
0
0
0
0
0
0
~

regeneration~
rejuvenation~
8
~
0
3
-1
-1
-1
-1
8
-1
-1
-1
-1
-1
-2
-2
-1
-1
75
-1
-1
-2
-1
-2
63
30
0
0
0
0
0
0
0
0
0
0
0
0
0
0
0
0
~

rejuvenation~
lay hands~
10
~
0
3
-1
-1
-1
-1
4
-1
-1
-1
-1
-1
-2
-2
3
-2
40
-2
-2
-2
-2
-2
64
25
0
0
0
0
0
0
0
0
0
0
0
0
0
0
0
0
~

rescue~
parry~
7
~
3
3
-1
-1
9
4
3
4
3
-1
-1
-1
-2
-2
20
7
15
20
20
-2
-1
-2
65
0
0
0
0
0
0
0
0
0
0
0
0
0
0
0
0
0
~

resist bash~
bash~
8
~
0
3
-1
-1
-1
5
4
6
-1
-1
-1
-1
-2
-2
-2
5
13
15
-2
-2
-1
-2
66
10
0
0
0
0
0
0
0
0
0
0
0
0
0
0
0
0
~

retreat~
shin kick~
8
~
0
3
-1
-1
6
-1
-1
-1
-1
-1
-1
-1
-2
-2
15
-2
-2
-2
-2
-2
-2
-2
67
10
0
1
0
0
0
0
0
0
0
0
0
0
0
0
0
0
~

riding~
~
2
~
2
3
4
5
6
5
2
3
5
4
5
2
10
15
10
13
5
5
13
1
12
5
68
40
0
0
0
0
0
0
0
0
0
0
0
0
0
0
0
0
~

scan~
searching~
7
~
3
3
-1
-1
6
6
-1
4
-1
-1
-1
-1
-2
-2
25
45
-2
25
-2
-2
-2
-2
69
40
0
0
0
0
0
0
0
0
0
0
0
0
0
0
0
0
~

searching~
~
0
~
0
3
3
4
1
5
2
2
5
2
5
3
1
1
1
1
1
1
1
1
1
1
70
10
0
0
0
0
0
0
0
0
0
0
0
0
0
0
0
0
~

second attack~
punch~
7
kick~
7
3
-1
8
8
4
4
4
3
3
-1
8
-2
20
17
10
15
20
10
10
-1
20
71
15
0
0
0
0
0
0
0
0
0
0
0
0
0
0
0
0
~

shadow dance~
meditate~
7
parry~
7
3
-1
-1
-1
-1
-1
-1
7
-1
-1
-1
-2
-2
-2
-2
-2
-2
23
-2
-2
-2
72
15
0
0
0
0
0
0
0
0
0
0
0
0
0
0
0
0
~

shield~
~
0
~
0
3
-1
8
-1
4
3
3
-1
-1
-1
-1
-2
33
-2
7
10
15
-2
-2
-1
-2
73
20
0
0
0
0
0
0
0
0
0
0
0
0
0
0
0
0
~

shield bash~
shield~
10
~
0
3
-1
-1
-1
6
-1
-1
-1
-1
-1
-1
-2
-2
-2
10
-2
-2
-2
-2
-2
-2
74
2
0
0
0
0
0
0
0
0
0
0
0
0
0
0
0
0
~

shin kick~
kick~
7
~
0
3
-1
-1
4
-1
-1
-1
-1
-1
-1
-1
-2
-2
10
-2
-2
-2
-2
-2
-2
-2
75
5
0
0
0
0
0
0
0
0
0
0
0
0
0
0
0
0
~

skinning~
~
10
~
0
3
-1
-1
-1
-1
-1
2
-1
-1
-1
-1
-2
-2
-2
-2
-2
20
-2
-2
-2
-2
76
15
0
0
0
0
0
0
0
0
0
0
0
0
0
0
0
0
~

sneak~
~
0
~
0
3
-1
-1
1
-1
-1
2
-1
-1
-1
-1
-2
-2
1
-2
-2
3
-2
-2
-1
-2
77
30
0
1
0
0
0
0
0
0
0
0
0
0
0
0
0
0
~

spin kick~
locust kick~
7
tiger paw~
10
3
-1
-1
-1
-1
-1
-1
10
-1
-1
-1
-2
-2
-2
-2
-2
-2
45
-2
-2
-2
78
0
0
0
0
0
0
0
0
0
0
0
0
0
0
0
0
0
~

spot hidden~
sneak~
10
hide~
10
3
-1
-1
8
-1
-1
4
-1
-1
-1
-1
-2
-2
25
-2
-2
23
-2
-2
-2
-2
79
0
0
0
0
0
0
0
0
0
0
0
0
0
0
0
0
0
~

steal~
sneak~
7
peek~
7
3
-1
-1
6
-1
-1
-1
-1
-1
-1
-1
-2
-2
27
-2
-2
-2
-2
-2
25
-2
80
9
0
1
0
0
0
0
0
0
0
0
0
0
0
0
0
0
~

stun~
critical hit~
10
bear grasp~
10
3
-1
-1
-1
-1
-1
-1
12
-1
-1
-1
-2
-2
-2
-2
-2
-2
40
-2
-2
-2
81
9
0
0
0
0
0
0
0
0
0
0
0
0
0
0
0
0
~

draw poison~
~
0
~
0
3
-1
-1
-1
-1
-1
4
-1
-1
-1
-1
-2
-2
-2
-2
-2
15
-2
-2
-2
-2
82
0
0
0
0
0
0
0
0
0
0
0
0
0
0
0
0
0
~

study opponent~
second attack~
7
~
0
3
-1
-1
-1
6
-1
-1
-1
-1
-1
-1
-2
-2
-2
20
-2
-2
-2
-2
-2
-2
83
14
0
0
0
0
0
0
0
0
0
0
0
0
0
0
0
0
~

sweep~
~
6
~
6
2
-1
-1
-1
-1
-1
-1
-1
-1
-1
-1
-2
-2
-2
-2
-2
-2
-2
-2
-2
-2
84
0
0
0
0
0
0
0
0
0
0
0
0
0
0
0
0
0
~

sweeping kick~
~
0
~
0
3
-1
-1
-1
-1
-1
-1
-1
-1
-1
-1
-1
-1
-1
-1
-1
-1
-1
-1
-1
-2
85
0
0
0
0
0
0
0
0
0
0
0
0
0
0
0
0
0
~

swimming~
~
0
~
0
3
3
3
3
1
1
1
2
2
3
2
1
1
1
1
1
1
1
1
1
1
86
15
0
0
0
0
0
0
0
0
0
0
0
0
0
0
0
0
~

third attack~
second attack~
10
parry~
7
3
-1
11
10
6
6
6
5
5
-1
11
-2
55
35
25
35
40
35
30
-1
55
87
20
0
0
0
0
0
0
0
0
0
0
0
0
0
0
0
0
~

tiger paw~
punch~
7
kick~
7
3
-1
-1
-1
-1
-1
-1
3
-1
-1
-1
-2
-2
-2
-2
-2
-2
5
-2
-2
-2
88
5
0
0
0
0
0
0
0
0
0
0
0
0
0
0
0
0
~

tower of iron~
resist bash~
8
guard~
9
3
-1
-1
-1
7
-1
-1
-1
-1
-1
-1
-2
-2
-2
45
-2
-2
-2
-2
-2
-2
89
0
0
0
0
0
0
0
0
0
0
0
0
0
0
0
0
0
~

track~
searching~
7
~
7
3
-1
-1
-1
-1
-1
-1
-1
-1
-1
-1
-2
-2
-2
-2
-2
-2
-2
-2
-2
-2
90
0
0
0
0
0
0
0
0
0
0
0
0
0
0
0
0
0
~

trance~
meditate~
7
~
7
3
-1
-1
-1
-1
-1
-1
6
-1
-1
-1
-2
-2
-2
-2
-2
-2
25
-2
-2
-2
91
10
0
0
0
0
0
0
0
0
0
0
0
0
0
0
0
0
~

transfer energy~
trance~
10
~
0
3
-1
-1
-1
-1
-1
-1
10
-1
-1
-1
-1
-1
-1
-1
-1
-1
45
-1
-1
-2
92
5
0
0
0
0
0
0
0
0
0
0
0
0
0
0
0
0
~

trip~
kick~
7
hide~
7
3
-1
-1
9
-1
-1
-1
-1
-1
-1
-1
-1
-1
50
-1
-1
-1
-1
-1
-1
-2
93
3
0
1
0
0
0
0
0
0
0
0
0
0
0
0
0
0
~

tumble~
dodge~
10
~
0
3
-1
-1
8
-1
-1
-1
-1
-1
-1
-1
-1
-1
55
-1
-1
-1
-1
-1
-1
-2
94
25
0
1
0
0
0
0
0
0
0
0
0
0
0
0
0
0
~

untrap~
inspect~
7
pick lock~
7
3
-1
-1
7
-1
-1
-1
-1
-1
-1
-1
-2
-2
15
-2
-2
-2
-2
-2
-2
-2
95
0
0
1
0
0
0
0
0
0
0
0
0
0
0
0
0
0
~

weaponsmith~
appraise~
8
preserve equipment~
10
3
-1
-1
-1
6
6
6
-1
-1
-1
-1
-2
-2
-2
35
45
50
-2
-2
-2
-2
96
5
0
0
0
0
0
0
0
0
0
0
0
0
0
0
0
0
~

evasion~
acrobatics~
7
dodge~
10
3
-1
-1
-1
-1
-1
-1
-1
3
-1
-1
-1
-1
-1
-1
-1
-1
-1
7
-1
-2
-1
15
0
0
0
0
0
1
0
0
0
0
0
0
0
0
0
0
~

acrobatics~
~
0
~
0
3
-1
-1
-1
-1
-1
-1
-1
2
-1
-1
-1
-1
-1
-1
-1
-1
-1
5
-1
-2
-1
30
0
0
0
0
0
1
0
0
0
0
0
0
0
0
0
0
~

dance of the dragonfly~
~
0
~
0
3
-1
-1
-1
-1
-1
-1
-1
2
-1
-1
-1
-1
-1
-1
-1
-1
-1
5
-1
-2
-1
0
0
0
0
0
0
1
0
0
0
0
0
0
0
0
0
0
15-L~

dance of spring~
dance of the dragonfly~
10
~
0
3
-1
-1
-1
-1
-1
-1
-1
3
-1
-1
-1
-1
-1
-1
-1
-1
-1
9
-1
-2
-1
0
0
0
0
0
0
0
0
0
0
0
0
0
0
0
0
0
25-L~

dance of the misty dawn~
dance of spring~
10
~
0
3
-1
-1
-1
-1
-1
-1
-1
4
-1
-1
-1
-1
-1
-1
-1
-1
-1
12
-1
-2
-1
0
0
0
0
0
0
0
0
0
0
0
0
0
0
0
0
0
30-L~

dance of the drake~
dance of the misty dawn~
10
~
0
3
-1
-1
-1
-1
-1
-1
-1
4
-1
-1
-1
-1
-1
-1
-1
-1
-1
15
-1
-2
-1
0
0
0
0
0
0
0
0
0
0
0
0
0
0
0
0
0
25-L~

dance of summer~
dance of winter~
10
~
0
3
-1
-1
-1
-1
-1
-1
-1
7
-1
-1
-1
-1
-1
-1
-1
-1
-1
38
-1
-2
-1
0
0
0
0
0
0
0
0
0
0
0
0
0
0
0
0
0
50-3*L~

dance of the firefly~
~
0
~
0
3
-1
-1
-1
-1
-1
-1
-1
5
-1
-1
-1
-1
-1
-1
-1
-1
-1
24
-1
-2
-1
0
0
0
0
0
0
1
0
0
0
0
0
0
0
0
0
0
40-2*L~

dance of winter~
dance of the firefly~
10
~
0
3
-1
-1
-1
-1
-1
-1
-1
5
-1
-1
-1
-1
-1
-1
-1
-1
-1
28
-1
-2
-1
0
0
0
0
0
0
0
0
0
0
0
0
0
0
0
0
0
30-L~

dual wield~
~
0
~
0
3
-1
-1
-1
-1
-1
-1
-1
4
-1
-1
-1
-1
-1
-1
-1
-1
-1
15
-1
-2
-1
0
0
0
0
0
0
1
0
0
0
0
0
0
0
0
0
0
~

union of mind and body~
~
0
~
0
3
-1
-1
-1
-1
-1
-1
-1
1
-1
-1
-1
-1
-1
-1
-1
-1
-1
3
-1
-2
-1
15
0
0
0
0
0
1
0
0
0
0
0
0
0
0
0
0
~

improved union of mind and body~
union of mind and body~
10
~
0
3
-1
-1
-1
-1
-1
-1
-1
4
-1
-1
-1
-1
-1
-1
-1
-1
-1
15
-1
-2
-1
15
0
0
0
0
0
1
0
0
0
0
0
0
0
0
0
0
~

greater union of mind and body~
improved union of mind and body~
10
~
0
3
-1
-1
-1
-1
-1
-1
-1
8
-1
-1
-1
-1
-1
-1
-1
-1
-1
45
-1
-2
-1
15
0
0
0
0
0
1
0
0
0
0
0
0
0
0
0
0
~

dance of storms~
~
0
~
0
3
-1
-1
-1
-1
-1
-1
-1
6
-1
-1
-1
-1
-1
-1
-1
-1
-1
32
-1
-2
-1
0
0
0
0
0
0
1
0
0
0
0
0
0
0
0
0
0
40-2*L~

dance of the storm lord~
dance of storms~
10
~
0
3
-1
-1
-1
-1
-1
-1
-1
8
-1
-1
-1
-1
-1
-1
-1
-1
-1
53
-1
-2
-1
0
0
0
0
0
0
1
0
0
0
0
0
0
0
0
0
0
60-2*L~

dance of the storm master~
dance of the storm lord~
10
~
0
3
-1
-1
-1
-1
-1
-1
-1
13
-1
-1
-1
-1
-1
-1
-1
-1
-1
75
-1
-2
-1
0
0
0
0
0
0
1
0
0
0
0
0
0
0
0
0
0
80-3*L~

dance of fury~
dance of the dragonfly~
10
~
0
3
-1
-1
-1
-1
-1
-1
-1
4
-1
-1
-1
-1
-1
-1
-1
-1
-1
17
-1
-2
-1
0
0
0
0
0
0
1
0
0
0
0
0
0
0
0
0
0
30-2*L~

dance of the battle fiend~
dance of fury~
10
~
0
3
-1
-1
-1
-1
-1
-1
-1
6
-1
-1
-1
-1
-1
-1
-1
-1
-1
30
-1
-2
-1
0
0
0
0
0
0
1
0
0
0
0
0
0
0
0
0
0
50-4*L~

dance of destruction~
dance of the battle fiend~
10
~
0
3
-1
-1
-1
-1
-1
-1
-1
9
-1
-1
-1
-1
-1
-1
-1
-1
-1
60
-1
-2
-1
0
0
0
0
0
0
1
0
0
0
0
0
0
0
0
0
0
80-4*L~

dance of armageddon~
dance of destruction~
10
~
0
3
-1
-1
-1
-1
-1
-1
-1
15
-1
-1
-1
-1
-1
-1
-1
-1
-1
80
-1
-2
-1
0
0
0
0
0
0
1
0
0
0
0
0
0
0
0
0
0
70-3*L~

dance of a hundred strikes~
~
0
~
0
3
-1
-1
-1
-1
-1
-1
-1
7
-1
-1
-1
-1
-1
-1
-1
-1
-1
35
-1
-2
-1
0
0
0
0
0
0
1
0
0
0
0
0
0
0
0
0
0
40-2*L~

dance of a thousand strikes~
dance of a hundred strikes~
10
~
0
3
-1
-1
-1
-1
-1
-1
-1
10
-1
-1
-1
-1
-1
-1
-1
-1
-1
60
-1
-2
-1
0
0
0
0
0
0
1
0
0
0
0
0
0
0
0
0
0
60-3*L~

dance of thorns~
dance of summer~
10
~
0
3
-1
-1
-1
-1
-1
-1
-1
9
-1
-1
-1
-1
-1
-1
-1
-1
-1
53
-1
-2
-1
10
0
0
0
0
0
1
0
0
0
0
0
0
0
0
0
0
40-2*L~

dance of shards~
dance of thorns~
10
~
0
3
-1
-1
-1
-1
-1
-1
-1
12
-1
-1
-1
-1
-1
-1
-1
-1
-1
70
-1
-2
-1
0
0
0
0
0
0
1
0
0
0
0
0
0
0
0
0
0
60-L~

dance of the elements~
~
0
~
0
3
-1
-1
-1
-1
-1
-1
-1
3
-1
-1
-1
-1
-1
-1
-1
-1
-1
7
-1
-2
-1
0
0
0
0
0
0
1
0
0
0
0
0
0
0
0
0
0
20-L~

leap attack~
spring attack~
10
~
0
3
-1
-1
-1
-1
-1
-1
-1
9
-1
-1
-1
-1
-1
-1
-1
-1
-1
55
-1
-2
-1
0
0
0
0
0
0
0
0
0
0
0
0
0
0
0
0
0
~

spring attack~
~
0
~
0
3
-1
-1
-1
-1
-1
-1
-1
5
-1
-1
-1
-1
-1
-1
-1
-1
-1
25
-1
-2
-1
5
0
0
0
0
0
0
0
0
0
0
0
0
0
0
0
0
~

ward blow~
parry~
10
~
0
3
-1
-1
-1
-1
-1
-1
-1
4
-1
-1
-1
-1
-1
-1
-1
-1
-1
20
-1
-2
-1
10
0
0
0
0
0
0
0
0
0
0
0
0
0
0
0
0
~

deadly strike~
dance of a hundred strikes~
8
~
0
3
-1
-1
-1
-1
-1
-1
-1
8
-1
-1
-1
-1
-1
-1
-1
-1
-1
40
-1
-2
-1
0
0
0
0
0
0
0
0
0
0
0
0
0
0
0
0
0
~

flurry of blows~
~
0
~
0
3
-1
-1
-1
-1
-1
-1
-1
-1
-1
-1
-1
-1
-1
-1
-1
-1
-1
-1
-1
-2
-1
0
0
0
0
0
0
0
0
0
0
0
0
0
0
0
0
0
~

true strike~
~
0
~
0
3
-1
-1
-1
-1
-1
-1
-1
-1
-1
-1
-1
-1
-1
-1
-1
-1
-1
-1
-1
-2
-1
0
0
0
0
0
0
0
0
0
0
0
0
0
0
0
0
0
~

defensive stance~
~
0
~
0
3
-1
-1
-1
-1
-1
-1
-1
-1
-1
-1
-1
-1
-1
-1
-1
-1
-1
-1
-1
-2
-1
0
0
0
0
0
0
0
0
0
0
0
0
0
0
0
0
0
~

offensive stance~
~
0
~
0
3
-1
-1
-1
-1
-1
-1
-1
-1
-1
-1
-1
-1
-1
-1
-1
-1
-1
-1
-1
-2
-1
0
0
0
0
0
0
0
0
0
0
0
0
0
0
0
0
0
~

double swing~
~
0
~
0
3
-1
-1
-1
-1
-1
-1
-1
-1
-1
-1
-1
-1
-1
-1
-1
-1
-1
-1
-1
-2
-1
0
0
0
0
0
0
0
0
0
0
0
0
0
0
0
0
0
~

master of the blade~
sword~
10
off-hand sword~
10
3
-1
-1
-1
-1
-1
-1
-1
9
-1
-1
-1
-1
-1
-1
-1
-1
-1
50
-1
-2
-1
10
0
0
0
0
0
0
0
0
0
0
0
0
0
0
0
0
~

master of the dagger~
dagger~
10
dual wield~
10
3
-1
-1
-1
-1
-1
-1
-1
9
-1
-1
-1
-1
-1
-1
-1
-1
-1
50
-1
-2
-1
10
0
0
0
0
0
0
0
0
0
0
0
0
0
0
0
0
~

master of the axe~
axe~
10
off-hand axe~
10
3
-1
-1
-1
-1
-1
-1
-1
9
-1
-1
-1
-1
-1
-1
-1
-1
-1
50
-1
-2
-1
10
0
0
0
0
0
0
0
0
0
0
0
0
0
0
0
0
~

side step~
dodge~
10
~
0
3
-1
-1
-1
-1
-1
-1
-1
3
-1
-1
-1
-1
-1
-1
-1
-1
-1
10
-1
-2
-1
10
0
0
0
0
0
0
0
0
0
0
0
0
0
0
0
0
~

master of the spear~
spear~
10
~
0
3
-1
-1
-1
-1
-1
-1
-1
9
-1
-1
-1
-1
-1
-1
-1
-1
-1
50
-1
-2
-1
0
0
0
0
0
0
0
0
0
0
0
0
0
0
0
0
0
~

dance of the mirror image~
side step~
10
ward blow~
10
3
-1
-1
-1
-1
-1
-1
-1
7
-1
-1
-1
-1
-1
-1
-1
-1
-1
40
-1
-2
-1
0
0
0
0
0
0
1
0
0
0
0
0
0
0
0
0
0
30-L~

dance of the whirling swords~
~
0
~
0
3
-1
-1
-1
-1
-1
-1
-1
8
-1
-1
-1
-1
-1
-1
-1
-1
-1
40
-1
-2
-1
0
0
0
0
0
0
1
0
0
0
0
0
0
0
0
0
0
100-L~

shape change~
~
0
~
0
3
-1
-1
-1
-1
-1
-1
-1
-1
-1
10
-1
-1
-1
-1
-1
-1
-1
-1
-1
5
-1
4
0
0
0
0
0
0
0
0
0
0
0
0
0
0
0
0
~

uskill_139~
~
0
~
0
3
-1
-1
-1
-1
-1
-1
-1
-1
-1
-1
-2
-2
-2
-2
-2
-2
-2
-2
-2
-2
-1
0
0
0
0
0
0
0
0
0
0
0
0
0
0
0
0
0
~

uskill_140~
~
0
~
0
3
-1
-1
-1
-1
-1
-1
-1
-1
-1
-1
-1
-1
-1
-1
-1
-1
-1
-1
-1
-2
-1
0
0
0
0
0
0
0
0
0
0
0
0
0
0
0
0
0
~

uskill_141~
~
0
~
0
3
-1
-1
-1
-1
-1
-1
-1
-1
-1
-1
-1
-1
-1
-1
-1
-1
-1
-1
-1
-2
-1
0
0
0
0
0
0
0
0
0
0
0
0
0
0
0
0
0
~

uskill_142~
~
0
~
0
3
-1
-1
-1
-1
-1
-1
-1
-1
-1
-1
-1
-1
-1
-1
-1
-1
-1
-1
-1
-2
-1
0
0
0
0
0
0
0
0
0
0
0
0
0
0
0
0
0
~

uskill_143~
~
0
~
0
3
-1
-1
-1
-1
-1
-1
-1
-1
-1
-1
-1
-1
-1
-1
-1
-1
-1
-1
-1
-2
-1
0
0
0
0
0
0
0
0
0
0
0
0
0
0
0
0
0
~

uskill_144~
~
0
~
0
3
-1
-1
-1
-1
-1
-1
-1
-1
-1
-1
-1
-1
-1
-1
-1
-1
-1
-1
-1
-2
-1
0
0
0
0
0
0
0
0
0
0
0
0
0
0
0
0
0
~

uskill_145~
~
0
~
0
3
-1
-1
-1
-1
-1
-1
-1
-1
-1
-1
-1
-1
-1
-1
-1
-1
-1
-1
-1
-2
-1
0
0
0
0
0
0
0
0
0
0
0
0
0
0
0
0
0
~

uskill_146~
~
0
~
0
3
-1
-1
-1
-1
-1
-1
-1
-1
-1
-1
-1
-1
-1
-1
-1
-1
-1
-1
-1
-2
-1
0
0
0
0
0
0
0
0
0
0
0
0
0
0
0
0
0
~

uskill_147~
~
0
~
0
3
-1
-1
-1
-1
-1
-1
-1
-1
-1
-1
-1
-1
-1
-1
-1
-1
-1
-1
-1
-2
-1
0
0
0
0
0
0
0
0
0
0
0
0
0
0
0
0
0
~

uskill_148~
~
0
~
0
3
-1
-1
-1
-1
-1
-1
-1
-1
-1
-1
-1
-1
-1
-1
-1
-1
-1
-1
-1
-2
-1
0
0
0
0
0
0
0
0
0
0
0
0
0
0
0
0
0
~

uskill_149~
~
0
~
0
3
-1
-1
-1
-1
-1
-1
-1
-1
-1
-1
-1
-1
-1
-1
-1
-1
-1
-1
-1
-2
-1
0
0
0
0
0
0
0
0
0
0
0
0
0
0
0
0
0
~

common~
~
0
~
0
1
0
0
0
0
0
0
0
0
0
0
1
1
1
1
1
1
1
1
1
1
0
0
0
0
0
0
0
0
0
0
0
0
0
0
0
0
0
0
~

humanic~
~
0
~
0
1
2
2
2
2
2
2
2
2
2
2
1
1
1
1
1
1
1
1
1
1
1
5
0
0
0
0
0
0
0
0
0
0
0
0
0
0
0
0
~

elvish~
~
0
~
0
1
2
2
2
2
2
2
2
2
2
2
1
1
1
1
1
1
1
1
1
1
2
5
0
0
0
0
0
0
0
0
0
0
0
0
0
0
0
0
~

gnomish~
~
0
~
0
1
2
2
2
2
2
2
2
2
2
2
1
1
1
1
1
1
1
1
1
1
3
5
0
0
0
0
0
0
0
0
0
0
0
0
0
0
0
0
~

dwarvish~
~
0
~
0
1
2
2
1
1
1
2
2
1
1
2
1
1
1
1
1
1
1
1
1
1
4
0
0
0
0
0
0
0
0
0
0
0
0
0
0
0
0
0
~

thennish~
~
0
~
0
1
2
2
2
2
2
2
2
2
2
2
1
1
1
1
1
1
1
1
1
1
5
5
0
0
0
0
0
0
0
0
0
0
0
0
0
0
0
0
~

entish~
~
0
~
0
1
3
3
3
2
3
1
3
3
2
1
1
1
1
1
1
1
1
99
1
1
6
5
0
0
0
0
0
0
0
0
0
0
0
0
0
0
0
0
~

duergonian~
~
0
~
0
1
2
2
2
2
2
2
2
1
1
2
1
1
1
1
1
1
1
1
1
1
7
5
0
0
0
0
0
0
0
0
0
0
0
0
0
0
0
0
~

slisp~
~
0
~
0
1
3
3
3
3
3
3
3
3
3
3
1
1
1
1
1
1
1
1
1
1
8
5
0
0
0
0
0
0
0
0
0
0
0
0
0
0
0
0
~

ogrish~
~
0
~
0
1
2
2
2
2
2
2
2
2
2
2
1
1
1
1
1
1
1
1
1
1
9
5
0
0
0
0
0
0
0
0
0
0
0
0
0
0
0
0
~

trollish~
~
0
~
0
1
2
2
2
2
2
2
2
2
2
2
1
1
1
1
1
1
1
1
0
1
10
5
0
0
0
0
0
0
0
0
0
0
0
0
0
0
0
0
~

orcish~
~
0
~
0
1
2
2
2
2
2
2
2
2
2
2
0
1
1
1
1
1
1
1
1
1
11
5
0
0
0
0
0
0
0
0
0
0
0
0
0
0
0
0
~

goblish~
~
0
~
0
1
2
2
2
2
2
2
2
2
2
2
1
1
1
1
1
1
1
1
1
1
12
5
0
0
0
0
0
0
0
0
0
0
0
0
0
0
0
0
~

vyanian~
~
0
~
0
1
2
2
2
2
2
2
2
2
2
2
1
1
1
1
1
1
1
1
1
1
13
5
0
0
0
0
0
0
0
0
0
0
0
0
0
0
0
0
~

ulang_14~
~
0
~
0
1
-1
-1
-1
-1
-1
-1
-1
-1
-1
-1
-1
-1
-1
-1
-1
-1
-1
-1
-1
-2
-1
0
0
0
0
0
0
0
0
0
0
0
0
0
0
0
0
0
~

ulang_15~
~
0
~
0
1
-1
-1
-1
-1
-1
-1
-1
-1
-1
-1
-1
-1
-1
-1
-1
-1
-1
-1
-1
-2
-1
0
0
0
0
0
0
0
0
0
0
0
0
0
0
0
0
0
~

ulang_16~
~
0
~
0
1
-1
-1
-1
-1
-1
-1
-1
-1
-1
-1
-1
-1
-1
-1
-1
-1
-1
-1
-1
-2
-1
0
0
0
0
0
0
0
0
0
0
0
0
0
0
0
0
0
~

ulang_17~
~
0
~
0
1
-1
-1
-1
-1
-1
-1
-1
-1
-1
-1
-1
-1
-1
-1
-1
-1
-1
-1
-1
-2
-1
0
0
0
0
0
0
0
0
0
0
0
0
0
0
0
0
0
~

ulang_18~
~
0
~
0
1
-1
-1
-1
-1
-1
-1
-1
-1
-1
-1
-1
-1
-1
-1
-1
-1
-1
-1
-1
-2
-1
0
0
0
0
0
0
0
0
0
0
0
0
0
0
0
0
0
~

ulang_19~
~
0
~
0
1
-1
-1
-1
-1
-1
-1
-1
-1
-1
-1
-1
-1
-1
-1
-1
-1
-1
-1
-1
-2
-1
0
0
0
0
0
0
0
0
0
0
0
0
0
0
0
0
0
~

ulang_20~
~
0
~
0
1
-1
-1
-1
-1
-1
-1
-1
-1
-1
-1
-1
-1
-1
-1
-1
-1
-1
-1
-1
-2
-1
0
0
0
0
0
0
0
0
0
0
0
0
0
0
0
0
0
~

ulang_21~
~
0
~
0
1
-1
-1
-1
-1
-1
-1
-1
-1
-1
-1
-1
-1
-1
-1
-1
-1
-1
-1
-1
-2
-1
0
0
0
0
0
0
0
0
0
0
0
0
0
0
0
0
0
~

ulang_22~
~
0
~
0
1
-1
-1
-1
-1
-1
-1
-1
-1
-1
-1
-1
-1
-1
-1
-1
-1
-1
-1
-1
-2
-1
0
0
0
0
0
0
0
0
0
0
0
0
0
0
0
0
0
~

ulang_23~
~
0
~
0
1
-1
-1
-1
-1
-1
-1
-1
-1
-1
-1
-1
-1
-1
-1
-1
-1
-1
-1
-1
-2
-1
0
0
0
0
0
0
0
0
0
0
0
0
0
0
0
0
0
~

ulang_24~
~
0
~
0
1
-1
-1
-1
-1
-1
-1
-1
-1
-1
-1
-1
-1
-1
-1
-1
-1
-1
-1
-1
-2
-1
0
0
0
0
0
0
0
0
0
0
0
0
0
0
0
0
0
~

amnesia~
~
0
~
0
2
-1
-1
-1
-1
-1
-1
-1
-1
-1
-1
0
0
0
0
0
0
0
0
0
-2
0
0
0
0
0
0
0
0
0
0
0
0
0
0
0
0
0
0
~

animate clay~
animate dead~
7
heal~
5
2
-1
6
-1
-1
-1
-1
-1
-1
-1
-1
-2
45
-2
-2
-2
-2
-2
-2
-2
-2
1
0
0
0
1
0
0
0
0
0
0
0
0
0
0
0
0
0
~

animate dead~
~
0
~
0
2
-1
4
-1
-1
-1
-1
-1
-1
-1
-1
-2
17
-2
-2
-2
-2
-2
-2
-2
-2
2
0
0
0
1
0
0
0
0
0
0
0
0
0
0
0
0
0
~

armor~
~
0
~
0
2
-1
2
-1
-1
2
-1
-1
-1
-1
-1
-2
1
-2
-2
3
-2
-2
-2
-2
-2
3
0
0
0
1
0
0
0
0
0
0
0
0
0
0
0
0
0
~

banishment~
turn undead~
7
~
0
2
-1
6
-1
-1
-1
-1
-1
-1
-1
-1
-1
60
-1
-1
-1
-1
-1
-1
-1
-2
4
0
0
0
1
0
0
0
0
0
0
0
0
0
0
0
0
0
~

barkskin~
~
0
~
0
2
-1
-1
-1
-1
-1
6
-1
-1
-1
-1
-1
-1
-1
-1
-1
33
-1
-1
-1
-2
5
0
0
0
0
1
0
0
0
0
0
0
0
0
0
0
0
0
~

bless~
armor~
5
~
6
2
-1
1
-1
-1
3
-1
-1
-1
-1
-1
-2
1
-2
-2
10
-2
-2
-2
-2
-2
6
0
0
0
1
0
0
0
0
0
0
0
0
0
0
0
0
0
~

blind~
~
7
~
7
2
3
-1
-1
-1
-1
-1
-1
-1
-1
-1
23
-2
-2
-2
-2
27
-2
-2
-2
-2
7
0
0
0
0
1
0
0
0
0
0
0
0
0
0
0
0
0
~

blinding light~
create light~
7
~
9
2
3
-1
-1
-1
-1
-1
-1
-1
-1
-1
13
-2
-2
-2
-2
-2
-2
-2
-2
-2
8
0
0
0
0
1
0
0
0
0
0
0
0
0
0
0
0
0
~

blink~
~
25
~
7
2
4
-1
-1
-1
-1
-1
-1
-1
-1
-1
30
-2
-2
-2
-2
-2
-2
-2
-2
-2
9
0
0
0
0
1
0
0
0
0
0
0
0
0
0
0
0
0
~

burning hands~
~
7
~
7
2
2
-1
-1
-1
-1
-1
-1
-1
-1
-1
5
-2
-2
-2
-2
-2
-2
-2
-2
-2
10
0
0
0
0
1
0
0
0
0
0
0
0
0
0
0
0
0
~

call lightning~
~
0
~
0
2
-1
7
-1
-1
-1
-1
-1
-1
-1
7
-1
43
-1
-1
-1
-1
-1
-1
-1
43
11
0
0
0
1
0
0
0
0
0
0
0
0
0
0
0
0
0
~

calm~
~
0
~
0
2
1
4
-1
-1
2
3
-1
-1
-1
-1
1
7
-2
-2
13
3
-2
-2
-1
-2
12
0
0
0
1
0
0
0
0
0
0
0
0
0
0
0
0
0
~

cause critical~
cause serious~
7
cure critical~
7
2
-1
4
-1
-1
-1
-1
-1
-1
-1
-1
-2
30
-2
-2
-2
-2
-2
-2
-2
-2
13
0
0
0
1
0
0
0
0
0
0
0
0
0
0
0
0
0
~

cause light~
cure light~
3
~
7
2
-1
2
-1
-1
-1
-1
-1
-1
-1
-1
-2
3
-2
-2
-1
-2
-2
-2
-2
-2
14
0
0
0
1
0
0
0
0
0
0
0
0
0
0
0
0
0
~

cause serious~
cause light~
7
cure serious~
7
2
-1
3
-1
-1
-1
-1
-1
-1
-1
-1
-2
20
-2
-2
-1
-2
-2
-2
-2
-2
15
0
0
0
0
0
0
0
0
0
0
0
0
0
0
0
0
0
~

chain lightning~
lightning bolt~
10
~
7
2
6
-1
-1
-1
-1
-1
-1
-1
-1
-1
43
-2
-2
-2
-2
-2
-2
-2
-2
-2
16
0
0
0
0
0
0
0
0
0
0
0
0
0
0
0
0
0
~

chilling touch~
~
5
~
5
2
2
-1
-1
-1
-1
-1
-1
-1
-1
-1
7
-2
-2
-2
-2
-2
-2
-2
-1
-2
17
0
0
0
0
0
0
0
0
0
0
0
0
0
0
0
0
0
~

confuse~
hallucinate~
10
~
7
2
-1
-1
-1
-1
-1
-1
-1
-1
-1
-1
-2
-2
-2
-2
-2
-2
-2
-2
-2
-2
18
0
0
0
0
0
0
0
0
0
0
0
0
0
0
0
0
0
~

continual light~
create light~
10
~
5
2
3
5
-1
-1
5
-1
-1
-1
-1
-1
27
27
-2
-2
40
40
-2
-2
-2
-2
19
0
0
0
1
0
0
0
0
0
0
0
0
0
0
0
0
0
~

create feast~
create food~
7
~
5
2
-1
5
-1
-1
-1
-1
-1
-1
-1
-1
-2
37
-2
-2
-2
-2
-2
-2
-2
-2
20
0
0
0
1
0
0
0
0
0
0
0
0
0
0
0
0
0
~

create food~
create water~
7
~
5
2
2
2
-1
-1
3
-1
-1
-1
-1
-1
5
5
-2
-2
15
-2
-2
-2
-1
-2
21
0
0
0
1
0
0
0
0
0
0
0
0
0
0
0
0
0
~

create light~
~
0
~
0
2
1
1
-1
-1
2
-1
-1
-1
-1
-1
1
1
-2
-2
10
-2
-2
-2
-1
-2
22
0
0
0
1
0
0
0
0
0
0
0
0
0
0
0
0
0
~

create water~
create light~
7
~
5
2
3
2
-1
-1
3
-1
-1
-1
-1
-1
3
3
-2
-2
13
-2
-2
-1
-1
-2
23
0
0
0
1
0
0
0
0
0
0
0
0
0
0
0
0
0
~

cure blindness~
~
7
~
5
2
-1
2
-1
-1
4
-1
-1
-1
-1
-1
-2
10
-2
-2
33
-2
-2
-2
-2
-2
24
0
0
0
1
0
0
0
0
0
0
0
0
0
0
0
0
0
~

cure critical~
cure serious~
7
holy wrath~
7
2
-1
3
-1
-1
10
-1
-1
-1
-1
-1
-2
25
-2
-2
70
-2
-2
-2
-2
-2
25
0
0
0
1
0
0
0
0
0
0
0
0
0
0
0
0
0
~

cure disease~
cure poison~
7
cure blindness~
7
2
-1
3
-1
-1
5
-1
-1
-1
-1
-1
-2
23
-2
-2
45
-2
-2
-2
-2
-2
26
0
0
0
1
0
0
0
0
0
0
0
0
0
0
0
0
0
~

cure light~
~
0
~
0
2
-1
1
-1
-1
3
-1
-1
-1
-1
-1
-2
1
-2
-2
7
-2
-2
-2
-2
-2
27
0
0
0
1
0
0
0
0
0
0
0
0
0
0
0
0
0
~

cure poison~
~
5
~
4
2
-1
3
-1
-1
3
-1
-1
-1
-1
-1
-2
7
-2
-2
23
-2
-2
-2
-2
-2
28
0
0
0
1
0
0
0
0
0
0
0
0
0
0
0
0
0
~

cure serious~
cure light~
7
bless~
7
2
-1
2
-1
-1
4
-1
-1
-1
-1
-1
-2
10
-2
-2
25
-2
-2
-2
-2
-2
29
0
0
0
1
0
0
0
0
0
0
0
0
0
0
0
0
0
~

curse~
bless~
5
~
7
2
-1
2
-1
-1
2
-1
-1
-1
-1
-1
-2
3
-2
-2
17
-2
-2
-2
-2
-2
30
0
0
0
1
0
0
0
0
0
0
0
0
0
0
0
0
0
~

detect evil~
~
3
~
7
2
-1
2
-1
-1
2
-1
-1
-1
-1
-1
-2
5
-2
-2
20
-2
-2
-2
-2
-2
31
0
0
0
1
0
0
0
0
0
0
0
0
0
0
0
0
0
~

detect good~
~
3
~
7
2
-1
2
-1
-1
2
-1
-1
-1
-1
-1
-2
5
-2
-2
20
-2
-2
-2
-2
-2
32
0
0
0
1
0
0
0
0
0
0
0
0
0
0
0
0
0
~

detect hidden~
create light~
7
detect magic~
7
2
3
-1
-1
-1
-1
-1
-1
-1
-1
-1
10
-2
-2
-2
-2
27
-2
-2
-2
-2
33
0
0
0
0
1
0
0
0
0
0
0
0
0
0
0
0
0
~

detect invisible~
detect hidden~
7
~
7
2
3
-1
-1
-1
-1
-1
-1
-1
-1
-1
25
-2
-2
-2
-2
-2
-2
-2
-2
-2
34
0
0
0
0
1
0
0
0
0
0
0
0
0
0
0
0
0
~

detect magic~
~
0
~
0
2
1
-1
-1
-1
-1
-1
-1
-1
-1
-1
1
-2
-2
-2
-2
-2
-2
-2
-2
-2
35
0
0
0
0
1
0
0
0
0
0
0
0
0
0
0
0
0
~

displace~
fire shield~
7
eagle eye~
7
2
5
-1
-1
-1
-1
-1
-1
-1
-1
-1
30
-2
-2
-2
-2
-2
-2
-2
-2
-2
36
0
0
0
0
1
0
0
0
0
0
0
0
0
0
0
0
0
~

drain life~
cause critical~
7
~
0
2
-1
7
-1
-1
-1
-1
-1
-1
-1
-1
-1
37
-2
-2
-1
-2
-2
-2
-2
-2
37
0
0
0
1
0
0
0
0
0
0
0
0
0
0
0
0
0
~

eagle eye~
detect hidden~
7
~
7
2
4
-1
-1
-1
-1
-1
-1
-1
-1
-1
27
-2
-2
-2
-2
-2
-2
-2
-2
-2
38
0
0
0
0
1
0
0
0
0
0
0
0
0
0
0
0
0
~

faerie fire~
create light~
7
burning hands~
3
2
3
-1
-1
-1
-1
-1
-1
-1
-1
-1
7
-2
-2
-2
-2
-2
-2
-2
-2
-2
39
0
0
0
0
1
0
0
0
0
0
0
0
0
0
0
0
0
~

fear~
sleep~
7
~
0
2
5
-1
-1
-1
-1
-1
-1
-1
-1
-1
60
-2
-1
-2
-2
-2
-2
-2
-2
-2
40
0
0
0
0
1
0
0
0
0
0
0
0
0
0
0
0
0
~

find familiar~
detect magic~
7
lesser summoning~
1
2
5
-1
-1
-1
-1
-1
-1
-1
-1
-1
20
-2
-2
-2
-2
-2
-2
-2
-2
-2
41
0
0
0
0
1
0
0
0
0
0
0
0
0
0
0
0
0
~

fire shield~
shield of flame~
10
~
0
2
6
-1
-1
-1
-1
-1
-1
-1
-1
-1
20
-2
-2
-2
-2
-2
-2
-2
-2
-2
42
0
0
0
0
1
0
0
0
0
0
0
0
0
0
0
0
0
~

fireball~
blinding light~
7
burning hands~
7
2
4
-1
-1
-1
-1
-1
-1
-1
-1
-1
20
-2
-2
-2
-2
-2
-2
-2
-2
-2
43
0
0
0
0
1
0
0
0
0
0
0
0
0
0
0
0
0
~

freeze~
chilling touch~
7
~
5
2
4
-1
-1
-1
-1
-1
-1
-1
-1
-1
22
-2
-2
-2
-2
-2
-2
-2
-2
-2
44
0
0
0
0
1
0
0
0
0
0
0
0
0
0
0
0
0
~

gift of tongues~
~
0
~
0
2
-1
4
-1
-1
6
-1
-1
-1
-1
-1
-2
40
-2
-2
57
-2
-2
-2
-2
-2
45
0
0
0
1
0
0
0
0
0
0
0
0
0
0
0
0
0
~

greater animation~
animate dead~
8
~
0
2
-1
8
-1
-1
-1
-1
-1
-1
-1
-1
-1
35
-1
-1
-1
-1
-1
-1
-1
-2
46
0
0
0
1
0
0
0
0
0
0
0
0
0
0
0
0
0
~

hallucinate~
mists of sleep~
7
~
0
2
-1
-1
-1
-1
-1
-1
-1
-1
-1
-1
-2
-2
-2
-2
-2
-2
-2
-2
-2
-2
47
0
0
0
0
0
0
0
0
0
0
0
0
0
0
0
0
0
~

harm~
cause critical~
7
heal~
7
2
-1
5
-1
-1
-1
-1
-1
-1
-1
-1
-2
55
-2
-2
-2
-2
-2
-2
-2
-2
48
0
0
0
1
0
0
0
0
0
0
0
0
0
0
0
0
0
~

decaying touch~
~
0
~
0
2
-1
-1
-1
-1
-1
-1
-1
-1
2
-1
-2
-2
-2
-2
-2
-2
-2
-2
5
-2
49
0
0
0
0
0
1
0
0
0
0
0
0
0
0
0
0
0
~

heal~
cure critical~
10
~
8
2
-1
4
-1
-1
-1
-1
-1
-1
-1
-1
-2
45
-2
-2
-2
-2
-2
-2
-2
-2
50
0
0
0
1
0
0
0
0
0
0
0
0
0
0
0
0
0
~

holy wrath~
bless~
7
~
7
2
-1
3
-1
-1
4
-1
-1
-1
-1
-1
-2
5
-2
-2
30
-2
-2
-2
-2
-2
51
0
0
0
1
0
0
0
0
0
0
0
0
0
0
0
0
0
~

ice storm~
freeze~
7
~
5
2
6
-1
-1
-1
-1
-1
-1
-1
-1
-1
47
-2
-2
-2
-2
-2
-2
-2
-2
-2
52
0
0
0
0
1
0
0
0
0
0
0
0
0
0
0
0
0
~

identify~
detect hidden~
7
eagle eye~
7
2
5
-1
-1
-1
-1
-1
-1
-1
-1
-1
35
-2
-2
-2
-2
-2
-2
-2
-2
-2
53
0
0
0
0
1
0
0
0
0
0
0
0
0
0
0
0
0
~

ignite weapon~
burning hands~
7
detect magic~
7
2
-1
-1
-1
-1
-1
-1
-1
-1
-1
-1
-2
-2
-2
-2
-2
-2
-2
-2
-1
-2
54
0
0
0
0
1
0
0
0
0
0
0
0
0
0
0
0
0
~

infravision~
~
7
~
7
2
4
-1
-1
-1
-1
-1
-1
-1
-1
-1
17
-2
-2
-2
-2
25
-2
-2
-2
-2
55
0
0
0
0
1
0
0
0
0
0
0
0
0
0
0
0
0
~

invisibility~
detect invisible~
5
displace~
7
2
6
-1
-1
-1
-1
-1
-1
-1
-1
-1
53
-2
-2
-2
-2
-2
-2
-2
-2
-2
56
0
0
0
0
1
0
0
0
0
0
0
0
0
0
0
0
0
~

lightning bolt~
shock~
10
~
0
2
4
-1
-1
-1
-1
-1
-1
-1
-1
-1
18
-2
-2
-2
-2
-2
-2
-2
-2
-2
57
0
0
0
0
1
0
0
0
0
0
0
0
0
0
0
0
0
~

feast of the dead~
~
0
~
7
2
-1
-1
-1
-1
-1
-1
-1
-1
3
-1
-2
-1
-2
-2
-2
-2
-2
-2
5
-2
58
0
0
0
0
0
1
0
0
0
0
0
0
0
0
0
0
0
~

magic mapping~
~
7
~
7
2
-1
-1
-1
-1
-1
-1
-1
-1
-1
-1
0
0
0
0
0
0
0
0
0
-2
59
0
0
0
0
0
0
0
0
0
0
0
0
0
0
0
0
0
~

magic missile~
~
3
~
5
2
2
-1
-1
-1
-1
-1
-1
-1
-1
-1
1
-2
-2
-2
-2
-2
-2
-2
-2
-2
60
0
0
0
0
1
0
0
0
0
0
0
0
0
0
0
0
0
~

mind blade~
chilling touch~
9
heal~
9
2
-1
-1
-1
-1
-1
-1
-1
-1
-1
-1
-2
-2
-2
-2
-2
-2
-2
-2
-1
-2
61
0
0
0
0
0
0
0
0
0
0
0
0
0
0
0
0
0
~

minor enchantment~
continual light~
5
identify~
5
2
4
-1
-1
-1
-1
-1
-1
-1
-1
-1
37
-2
-2
-2
-2
-2
-2
-2
-2
-2
62
0
0
0
0
1
0
0
0
0
0
0
0
0
0
0
0
0
~

mists of sleep~
sleep~
10
~
7
2
5
-1
-1
-1
-1
-1
-1
-1
-1
-1
33
-2
-2
-2
-2
-2
-2
-2
-2
-2
63
0
0
0
0
1
0
0
0
0
0
0
0
0
0
0
0
0
~

mystic shield~
~
10
~
7
2
3
-1
-1
-1
-1
-1
-1
-1
-1
-1
7
-2
-2
-2
-2
-2
-2
-2
-2
-2
64
0
0
0
0
1
0
0
0
0
0
0
0
0
0
0
0
0
~

neutralize~
cure disease~
7
~
7
2
-1
4
-1
-1
7
-1
-1
-1
-1
-1
-2
27
-2
-2
67
-2
-2
-2
-2
-2
65
0
0
0
1
0
0
0
0
0
0
0
0
0
0
0
0
0
~

ogre strength~
vitality~
7
~
0
2
4
-1
-1
-1
-1
-1
-1
-1
-1
-1
15
-2
-2
-2
-2
-2
-2
-2
-2
-2
66
0
0
0
0
1
0
0
0
0
0
0
0
0
0
0
0
0
~

poison cloud~
web~
10
~
7
2
-1
-1
-1
-1
-1
-1
-1
-1
-1
-1
-2
-2
-2
-2
-2
-2
-2
-2
-2
-2
67
0
0
0
0
0
0
0
0
0
0
0
0
0
0
0
0
0
~

mind snap~
~
0
~
0
2
-1
-1
-1
-1
-1
-1
-1
-1
2
-1
0
0
0
0
0
0
0
0
3
-2
68
0
0
0
0
0
1
0
0
0
0
0
0
0
0
0
0
0
~

protect life~
restoration~
10
cure disease~
7
2
-1
9
-1
-1
-1
-1
-1
-1
-1
-1
-2
80
-2
-2
-2
-2
-2
-2
-2
-2
69
0
0
0
1
0
0
0
0
0
0
0
0
0
0
0
0
0
~

protection plants~
~
7
~
7
2
-1
-1
-1
-1
-1
8
-1
-1
-1
9
-2
-2
-2
-2
-2
50
-2
-2
-2
30
70
0
0
0
0
0
0
0
0
0
0
0
0
0
0
0
0
0
~

recall~
~
7
~
7
2
-1
7
-1
-1
-1
-1
-1
-1
-1
-1
0
53
0
0
0
0
0
0
0
-2
71
0
0
0
1
0
0
0
0
0
0
0
0
0
0
0
0
0
~

remove curse~
bless~
7
curse~
7
2
-1
3
-1
-1
5
-1
-1
-1
-1
-1
-2
17
-2
-2
47
-2
-2
-2
-2
-2
72
0
0
0
1
0
0
0
0
0
0
0
0
0
0
0
0
0
~

replicate~
minor enchantment~
7
continual light~
7
2
6
-1
-1
-1
-1
-1
-1
-1
-1
-1
45
-2
-2
-2
-2
-2
-2
-2
-2
-2
73
0
0
0
0
1
0
0
0
0
0
0
0
0
0
0
0
0
~

revitalize~
create food~
7
~
7
2
-1
4
-1
-1
3
-1
-1
-1
-1
-1
-2
13
-2
-2
30
-2
-2
-2
-2
-2
74
0
0
0
1
0
0
0
0
0
0
0
0
0
0
0
0
0
~

sanctify~
remove curse~
7
continual light~
5
2
-1
6
-1
-1
-1
-1
-1
-1
-1
-1
-2
33
-2
-2
-2
-2
-2
-2
-2
-2
75
0
0
0
1
0
0
0
0
0
0
0
0
0
0
0
0
0
~

sense life~
~
5
~
0
2
-1
4
-1
-1
-1
-1
-1
-1
-1
-1
-2
25
-2
-2
-2
-2
-2
-2
-2
-2
76
0
0
0
1
0
0
0
0
0
0
0
0
0
0
0
0
0
~

shock~
~
0
~
0
2
2
-1
-1
-1
-1
-1
-1
-1
-1
-1
3
-2
-2
-2
-2
-2
-2
-2
-2
-2
77
0
0
0
0
1
0
0
0
0
0
0
0
0
0
0
0
0
~

silence~
~
0
~
0
2
-1
6
-1
-1
-1
-1
-1
-1
-1
-1
-2
30
-2
-2
-2
-2
-2
-2
-2
-2
78
0
0
0
1
0
0
0
0
0
0
0
0
0
0
0
0
0
~

slay~
harm~
10
~
7
2
-1
6
-1
-1
-1
-1
-1
-1
-1
-1
-2
75
-2
-2
-2
-2
-2
-2
-2
-2
79
0
0
0
1
0
0
0
0
0
0
0
0
0
0
0
0
0
~

sleep~
slow~
7
~
7
2
3
-1
-1
-1
-1
-1
-1
-1
-1
-1
23
-2
-2
-2
-2
-2
-2
-2
-2
-2
80
0
0
0
0
1
0
0
0
0
0
0
0
0
0
0
0
0
~

slow~
calm~
7
~
0
2
3
-1
-1
-1
-1
-1
-1
-1
-1
-1
13
-2
-2
-2
-2
-2
-2
-2
-2
-2
81
0
0
0
0
1
0
0
0
0
0
0
0
0
0
0
0
0
~

summon~
~
0
~
0
2
-1
4
-1
-1
-1
-1
-1
-1
-1
-1
-2
23
-2
-2
-2
-2
-2
-2
-2
-2
82
0
0
0
1
0
0
0
0
0
0
0
0
0
0
0
0
0
~

tame~
calm~
7
~
7
2
-1
-1
-1
-1
-1
2
-1
-1
-1
-1
-2
-2
-2
-2
-2
5
-2
-2
-1
-2
83
0
0
0
0
0
0
0
0
0
0
0
0
0
0
0
0
0
~

true sight~
sense life~
7
continual light~
5
2
-1
6
-1
-1
-1
-1
-1
-1
-1
-1
-2
50
-2
-2
-2
-2
-2
-2
-2
-2
84
0
0
0
1
0
0
0
0
0
0
0
0
0
0
0
0
0
~

turn undead~
holy wrath~
7
~
0
2
-1
3
-1
-1
4
-1
-1
-1
-1
-1
-1
13
-1
-1
43
-1
-1
-1
-1
-2
85
0
0
0
1
0
0
0
0
0
0
0
0
0
0
0
0
0
~

vitality~
~
7
~
7
2
3
-1
-1
-1
-1
-1
-1
-1
-1
-1
7
-2
-2
-2
-2
-2
-2
-2
-2
-2
86
0
0
0
0
1
0
0
0
0
0
0
0
0
0
0
0
0
~

web~
~
5
~
5
2
2
-1
-1
-1
-1
2
-1
-1
-1
-1
7
-2
-2
-2
-2
17
-2
-2
-1
-2
87
0
0
0
0
1
0
0
0
0
0
0
0
0
0
0
0
0
~

astral gate~
float~
5
~
5
2
4
-1
-1
-1
-1
-1
-1
-1
-1
-1
43
-2
-2
-2
-2
-2
-2
-2
-2
-2
88
0
0
0
0
1
0
0
0
0
0
0
0
0
0
0
0
0
~

float~
continual light~
5
~
5
2
4
6
-1
-1
-1
-1
-1
-1
-1
-1
40
40
-2
-2
-1
-2
-2
-2
-2
-2
89
0
0
0
1
0
0
0
0
0
0
0
0
0
0
0
0
0
~

pass door~
~
5
~
5
2
-1
-1
-1
-1
-1
-1
-1
-1
-1
-1
-2
-2
-2
-2
-2
-2
-2
-2
-2
-2
90
0
0
0
0
0
0
0
0
0
0
0
0
0
0
0
0
0
~

acid blast~
acid arrow~
7
~
0
2
4
-1
-1
-1
-1
-1
-1
-1
-1
-1
24
-2
-2
-2
-2
45
-2
-2
-2
-2
91
0
0
0
0
1
0
0
0
0
0
0
0
0
0
0
0
0
~

acid storm~
acid blast~
7
~
5
2
6
-1
-1
-1
-1
-1
-1
-1
-1
-1
49
-2
-2
-2
-2
-2
-2
-2
-2
-2
92
0
0
0
0
1
0
0
0
0
0
0
0
0
0
0
0
0
~

fly~
~
5
~
5
2
-1
-1
-1
-1
-1
-1
-1
-1
-1
-1
-2
-2
-2
-2
-2
-2
-2
-2
-2
-2
93
0
0
0
0
0
0
0
0
0
0
0
0
0
0
0
0
0
~

haste~
~
5
~
5
2
4
-1
-1
-1
-1
-1
-1
-1
-1
-1
23
-2
-2
-2
-2
-2
-2
-2
-2
-2
94
0
0
0
0
1
0
0
0
0
0
0
0
0
0
0
0
0
~

prismic missile~
magic missile~
10
maelstrom~
8
2
6
-1
-1
-1
-1
-1
-1
-1
-1
-1
41
-2
-2
-2
-2
-2
-2
-2
-2
-2
95
0
0
0
0
1
0
0
0
0
0
0
0
0
0
0
0
0
~

maelstrom~
magic missile~
10
~
0
2
4
-1
-1
-1
-1
-1
-1
-1
-1
-1
16
-2
-2
-2
-2
-2
-2
-2
-2
-2
96
0
0
0
0
1
0
0
0
0
0
0
0
0
0
0
0
0
~

skin of the cadaver~
~
0
~
0
2
-1
-1
-1
-1
-1
-1
-1
-1
3
-1
-2
-2
-2
-2
-2
-2
-2
-2
3
-2
97
0
0
0
0
0
1
0
0
0
0
0
0
0
0
0
0
0
~

balm~
~
0
~
0
2
-1
-1
-1
-1
-1
3
-1
-1
-1
-1
-2
-2
-2
-2
-2
10
-2
-2
-2
-2
98
0
0
0
0
0
0
0
0
0
0
0
0
0
0
0
0
0
~

surcease~
balm~
10
~
5
2
-1
-1
-1
-1
-1
4
-1
-1
-1
-1
-2
-2
-2
-2
-2
30
-2
-2
-2
-2
99
0
0
0
0
0
0
0
0
0
0
0
0
0
0
0
0
0
~

lesser summoning~
~
5
~
5
2
3
-1
-1
-1
-1
-1
-1
-1
-1
-1
3
-2
-2
-2
-2
-2
-2
-2
-2
-2
100
0
0
0
0
1
0
0
0
0
0
0
0
0
0
0
0
0
~

request ally~
find familiar~
1
~
0
2
6
-1
-1
-1
-1
-1
-1
-1
-1
-1
75
-2
-2
-2
-2
-2
-2
-2
-2
-2
101
0
0
0
0
1
0
0
0
0
0
0
0
0
0
0
0
0
~

sense danger~
~
5
~
5
2
-1
-1
-1
-1
-1
-1
-1
-1
-1
-1
-2
-2
-2
-2
-2
-2
-2
-2
-2
-2
102
0
0
0
0
0
0
0
0
0
0
0
0
0
0
0
0
0
~

restoration~
heal~
10
~
5
2
-1
5
-1
-1
-1
-1
-1
-1
-1
-1
-2
70
-2
-2
-2
-2
-2
-2
-2
-2
103
0
0
0
1
0
0
0
0
0
0
0
0
0
0
0
0
0
~

flame strike~
fireball~
10
~
5
2
6
-1
-1
-1
-1
-1
-1
-1
-1
-1
45
-2
-2
-2
-2
-2
-2
-2
-2
-2
104
0
0
0
0
1
0
0
0
0
0
0
0
0
0
0
0
0
~

resist fire~
resist cold~
7
~
5
2
-1
-1
-1
-1
-1
7
-1
-1
-1
-1
-2
-2
-2
-2
-2
53
-2
-2
-2
-2
105
0
0
0
0
0
0
0
0
0
0
0
0
0
0
0
0
0
~

resist cold~
resist acid~
7
~
5
2
-1
-1
-1
-1
-1
7
-1
-1
-1
-1
-2
-2
-2
-2
-2
48
-2
-2
-2
-2
106
0
0
0
0
0
0
0
0
0
0
0
0
0
0
0
0
0
~

invulnerability~
float~
7
~
7
2
8
6
-1
-1
-1
-1
-1
-1
-1
-1
47
50
-2
-2
-2
-2
-2
-2
-2
-2
107
0
0
0
1
0
0
0
0
0
0
0
0
0
0
0
0
0
~

skin wrench~
~
5
~
5
2
-1
-1
-1
-1
-1
-1
-1
-1
3
-1
-2
-2
-2
-2
-2
-2
-2
-2
3
-2
108
2
0
0
0
0
1
0
0
0
0
0
0
0
0
0
0
0
~

protect evil~
divine might~
8
detect evil~
8
2
-1
-1
-1
-1
6
-1
-1
-1
-1
-1
-2
-2
-2
-2
65
-2
-2
-2
-2
-2
109
0
1
0
1
0
0
0
0
0
0
0
0
0
0
0
0
0
~

protect good~
detect good~
8
divine might~
8
2
-1
-1
-1
-1
6
-1
-1
-1
-1
-1
-2
-2
-2
-2
65
-2
-2
-2
-2
-2
110
0
4
0
1
0
0
0
0
0
0
0
0
0
0
0
0
0
~

acid arrow~
~
5
~
5
2
2
-1
-1
-1
-1
-1
-1
-1
-1
-1
9
-2
-2
-2
-2
-2
-2
-2
-2
-2
111
0
0
0
0
1
0
0
0
0
0
0
0
0
0
0
0
0
~

youth~
~
5
~
5
2
-1
-1
-1
-1
-1
-1
-1
-1
-1
-1
-2
-2
-2
-2
-2
-2
-2
-2
-2
-2
112
0
0
0
0
0
0
0
0
0
0
0
0
0
0
0
0
0
~

major enchantment~
minor enchantment~
10
~
5
2
7
-1
-1
-1
-1
-1
-1
-1
-1
-1
65
-2
-2
-2
-2
-2
-2
-2
-2
-2
113
0
0
0
0
1
0
0
0
0
0
0
0
0
0
0
0
0
~

dark chill~
~
5
~
5
2
-1
-1
-1
-1
-1
-1
-1
-1
1
-1
-2
-1
-2
-2
-2
-2
-2
-2
1
-2
114
0
0
0
0
0
1
0
0
0
0
0
0
0
0
0
0
0
~

resist acid~
~
0
~
0
2
-1
-1
-1
-1
-1
7
-1
-1
-1
-1
-2
-2
-2
-2
-2
43
-2
-2
-2
-2
115
0
0
0
0
0
0
0
0
0
0
0
0
0
0
0
0
0
~

resist shock~
resist fire~
7
~
5
2
-1
-1
-1
-1
-1
7
-1
-1
-1
-1
-2
-2
-2
-2
-2
58
-2
-2
-2
-2
116
0
0
0
0
0
0
0
0
0
0
0
0
0
0
0
0
0
~

thorn shield~
caustic shield~
10
~
0
2
-1
-1
-1
-1
-1
9
-1
-1
-1
-1
-1
-1
-1
-1
-1
75
-1
-1
-1
-2
117
0
0
0
0
0
0
0
0
0
0
0
0
0
0
0
0
0
~

ice lance~
ice storm~
7
~
1
2
8
-1
-1
-1
-1
-1
-1
-1
-1
-1
77
-1
-1
-1
-1
-1
-1
-1
-1
-2
118
0
0
0
0
1
0
0
0
0
0
0
0
0
0
0
0
0
~

ion shield~
shield of lightning~
10
~
0
2
9
-1
-1
-1
-1
-1
-1
-1
-1
-1
80
-1
-1
-1
-1
-1
-1
-1
-1
-2
119
0
0
0
0
1
0
0
0
0
0
0
0
0
0
0
0
0
~

meteor swarm~
prismic missile~
10
~
0
2
9
-1
-1
-1
-1
-1
-1
-1
-1
-1
85
-1
-1
-1
-1
-1
-1
-1
-1
-2
120
0
0
0
0
1
0
0
0
0
0
0
0
0
0
0
0
0
~

group critical~
group serious~
10
cure critical~
10
2
-1
9
-1
-1
-1
-1
-1
-1
-1
-1
-1
65
-1
-1
-1
-1
-1
-1
-1
-2
121
0
0
0
1
0
0
0
0
0
0
0
0
0
0
0
0
0
~

group serious~
cure serious~
10
~
1
2
-1
6
-1
-1
12
-1
-1
-1
-1
-1
-1
27
-1
-1
50
-1
-1
-1
-1
-2
122
0
0
0
1
0
0
0
0
0
0
0
0
0
0
0
0
0
~

purify~
neutralize~
7
~
-1
2
-1
5
-1
-1
9
-1
-1
-1
-1
-1
-1
47
-1
-1
85
-1
-1
-1
-1
-2
123
0
0
0
1
0
0
0
0
0
0
0
0
0
0
0
0
0
~

water breathing~
~
5
~
5
2
-1
-1
-1
-1
-1
4
-1
-1
-1
-1
-2
-2
-2
-2
-2
35
-2
-2
-2
-2
124
0
0
0
0
0
0
0
0
0
0
0
0
0
0
0
0
0
~

gloom~
~
0
~
0
2
-1
-1
-1
-1
-1
-1
-1
-1
1
-1
-2
-2
-1
-2
-2
-2
-2
-2
1
-2
125
0
0
0
0
0
1
0
0
0
0
0
0
0
0
0
0
0
~

construct golem~
gift of tongues~
5
~
0
2
-1
-1
-1
-1
-1
-1
-1
-1
-1
-1
-1
-1
-1
-1
-1
-1
-1
-1
-1
-2
126
0
0
0
0
0
0
0
0
0
0
0
0
0
0
0
0
0
~

conflagration~
flame strike~
10
~
7
2
8
-1
-1
-1
-1
-1
-1
-1
-1
-1
75
-1
-1
-1
-1
-1
-1
-1
-1
-2
127
0
0
0
0
1
0
0
0
0
0
0
0
0
0
0
0
0
~

conjure elemental~
resist shock~
7
~
0
2
-1
-1
-1
-1
-1
10
-1
-1
-1
-1
-2
-2
-1
-2
-2
85
-2
-2
-2
-2
128
0
0
0
0
0
0
0
0
0
0
0
0
0
0
0
0
0
~

poultice~
surcease~
10
draw poison~
7
2
-1
-1
-1
-1
-1
6
-1
-1
-1
-1
-1
-1
-1
-1
-1
70
-1
-1
-1
-2
129
0
0
0
0
0
0
0
0
0
0
0
0
0
0
0
0
0
~

corpse light~
~
0
~
0
2
-1
-1
-1
-1
-1
-1
-1
-1
1
-1
-1
-2
-1
-2
-2
-2
-2
-2
1
-2
130
0
0
0
0
0
1
0
0
0
0
0
0
0
0
0
0
0
~

find mount~
riding~
8
lesser mount~
1
2
-1
-1
-1
-1
5
-1
-1
-1
-1
-1
-1
-1
-1
-1
35
-1
-1
-1
-1
-2
131
0
0
0
0
0
0
0
0
0
0
0
0
0
0
0
0
0
~

obscure~
identify~
7
~
0
2
5
-1
-1
-1
-1
-1
-1
-1
-1
-1
43
-2
-2
-2
-2
-2
-2
-2
-2
-2
132
0
0
0
0
1
0
0
0
0
0
0
0
0
0
0
0
0
~

companion strength~
tame~
10
~
0
2
-1
-1
-1
-1
-1
7
-1
-1
-1
-1
-2
-2
-2
-2
-2
55
-2
-2
-2
-2
133
0
0
0
0
0
0
0
0
0
0
0
0
0
0
0
0
0
~

briartangle~
ensnare~
10
~
0
2
-1
-1
-1
-1
-1
6
-1
-1
-1
-1
-2
-2
-2
-2
-2
75
-2
-2
-2
-2
134
0
0
0
0
0
0
0
0
0
0
0
0
0
0
0
0
0
~

ironskin~
barkskin~
10
~
0
2
-1
-1
-1
-1
-1
8
-1
-1
-1
-1
-2
-2
-2
-2
-2
80
-2
-2
-2
-2
135
0
0
0
0
0
0
0
0
0
0
0
0
0
0
0
0
0
~

alter magnetism~
chain lightning~
10
~
0
2
8
-1
-1
-1
-1
-1
-1
-1
-1
-1
73
-2
-2
-2
-2
-2
-2
-2
-2
-2
136
0
0
0
0
1
0
0
0
0
0
0
0
0
0
0
0
0
~

horrid wilting~
acid storm~
10
~
0
2
8
-1
-1
-1
-1
-1
-1
-1
-1
-1
79
-2
-2
-2
-2
-2
-2
-2
-2
-2
137
0
0
0
0
1
0
0
0
0
0
0
0
0
0
0
0
0
~

chromatic orb~
prismic missile~
10
~
0
2
8
-1
-1
-1
-1
-1
-1
-1
-1
-1
71
-2
-2
-2
-2
-2
-2
-2
-2
-2
138
0
0
0
0
1
0
0
0
0
0
0
0
0
0
0
0
0
~

gem burst~
maelstrom~
4
blinding light~
3
2
5
-1
-1
-1
-1
-1
-1
-1
-1
-1
17
-2
-2
-2
-2
-2
-2
-2
-2
-2
139
0
0
0
0
1
0
0
0
0
0
0
0
0
0
0
0
0
~

hoar frost~
hoar shield~
10
~
0
2
6
-1
-1
-1
-1
-1
-1
-1
-1
-1
55
-2
-2
-2
-2
-2
-2
-2
-2
-2
140
0
0
0
0
1
0
0
0
0
0
0
0
0
0
0
0
0
~

vigor~
vitality~
10
~
0
2
6
-1
-1
-1
-1
-1
-1
-1
-1
-1
55
-2
-2
-2
-2
-2
-2
-2
-2
-2
141
0
0
0
0
1
0
0
0
0
0
0
0
0
0
0
0
0
~

gryphon watch~
eagle eye~
10
~
0
2
5
-1
-1
-1
-1
-1
-1
-1
-1
-1
63
-2
-2
-2
-2
-2
-2
-2
-2
-2
142
0
0
0
0
0
0
0
0
0
0
0
0
0
0
0
0
0
~

universal gate~
astral gate~
10
~
0
2
9
-1
-1
-1
-1
-1
-1
-1
-1
-1
80
-2
-2
-2
-2
-2
-2
-2
-2
-2
143
0
0
0
0
1
0
0
0
0
0
0
0
0
0
0
0
0
~

restore item~
remove curse~
8
sanctify~
10
2
-1
7
-1
-1
-1
-1
-1
-1
-1
-1
-2
43
-2
-2
-2
-2
-2
-2
-2
-2
144
0
0
0
1
0
0
0
0
0
0
0
0
0
0
0
0
0
~

earthquake~
~
0
~
0
2
-1
7
-1
-1
-1
-1
-1
-1
-1
13
-1
57
-2
-2
-2
-2
-2
-2
-2
80
145
0
0
0
1
0
0
0
0
0
0
0
0
0
0
0
0
0
~

holy aura~
saintly aura~
8
holy flail~
8
2
-1
8
-1
-1
-1
-1
-1
-1
-1
-1
-2
70
-2
-2
-2
-2
-2
-2
-2
-2
146
0
73
0
1
0
0
0
0
0
0
0
0
0
0
0
0
0
~

unholy aura~
holy aura~
8
dreadful aura~
10
2
-1
8
-1
-1
-1
-1
-1
-1
-1
-1
-1
70
-2
-2
-2
-2
-2
-2
-2
-2
147
0
292
0
1
0
0
0
0
0
0
0
0
0
0
0
0
0
~

greater summon~
summon~
8
~
0
2
-1
8
-1
-1
-1
-1
-1
-1
-1
-1
-2
65
-2
-2
-2
-2
-2
-2
-2
-2
148
0
0
0
1
0
0
0
0
0
0
0
0
0
0
0
0
0
~

unceasing vigilance~
bless~
10
~
0
2
-1
10
-1
-1
-1
-1
-1
-1
-1
-1
-2
67
-2
-2
-2
-2
-2
-2
-2
-2
149
0
0
0
1
0
0
0
0
0
0
0
0
0
0
0
0
0
~

holy word~
holy flail~
10
holy aura~
10
2
-1
10
-1
-1
-1
-1
-1
-1
-1
-1
-2
85
-2
-2
-2
-2
-2
-2
-2
-2
150
0
73
0
1
0
0
0
0
0
0
0
0
0
0
0
0
0
~

unholy word~
unholy flail~
10
unholy aura~
10
2
-1
10
-1
-1
-1
-1
-1
-1
-1
-1
-2
85
-2
-2
-2
-2
-2
-2
-2
-2
151
0
292
0
1
0
0
0
0
0
0
0
0
0
0
0
0
0
~

holy flail~
holy wrath~
10
continual light~
10
2
-1
7
-1
-1
-1
-1
-1
-1
-1
-1
-2
43
-2
-2
-2
-2
-2
-2
-2
-2
152
0
0
0
1
0
0
0
0
0
0
0
0
0
0
0
0
0
~

unholy flail~
holy wrath~
10
continual light~
10
2
-1
7
-1
-1
-1
-1
-1
-1
-1
-1
-2
43
-2
-2
-2
-2
-2
-2
-2
-2
153
0
0
0
1
0
0
0
0
0
0
0
0
0
0
0
0
0
~

lesser mount~
riding~
7
~
0
2
-1
-1
-1
-1
3
-1
-1
-1
-1
-1
-1
-1
-1
-1
10
-1
-1
-1
-1
-2
154
0
0
0
0
0
0
0
0
0
0
0
0
0
0
0
0
0
~

greater mount~
find mount~
1
~
0
2
-1
-1
-1
-1
10
-1
-1
-1
-1
-1
-1
-1
-1
-1
80
-1
-1
-1
-1
-2
155
0
0
0
0
0
0
0
0
0
0
0
0
0
0
0
0
0
~

divine might~
bless~
10
holy wrath~
10
2
-1
-1
-1
-1
7
-1
-1
-1
-1
-1
-2
-2
-2
-2
55
-2
-2
-2
-2
-2
156
0
0
0
1
0
0
0
0
0
0
0
0
0
0
0
0
0
~

disperse undead~
banishment~
6
~
0
2
-1
7
-1
-1
-1
-1
-1
-1
-1
-1
-1
63
-1
-1
-1
-1
-1
-1
-1
-2
157
0
0
0
1
0
0
0
0
0
0
0
0
0
0
0
0
0
~

bone dart~
~
0
~
0
2
-1
-1
-1
-1
-1
-1
-1
-1
2
-1
-1
-2
-1
-2
-2
-2
-2
-2
5
-2
130
0
0
0
0
0
1
0
0
0
0
0
0
0
0
0
0
0
~

skull watch~
corpse light~
7
~
0
2
-1
-1
-1
-1
-1
-1
-1
-1
4
-1
-1
-2
-1
-2
-2
-2
-2
-2
7
-2
130
0
0
0
0
0
1
0
0
0
0
0
0
0
0
0
0
0
~

gift of the night~
mind snap~
7
~
0
2
-1
-1
-1
-1
-1
-1
-1
-1
3
-1
-1
-2
-1
-2
-2
-2
-2
-2
7
-2
130
0
0
0
0
0
1
0
0
0
0
0
0
0
0
0
0
0
~

blight~
decaying touch~
7
~
0
2
-1
-1
-1
-1
-1
-1
-1
-1
3
-1
-1
-2
-1
-2
-2
-2
-2
-2
10
-2
130
0
0
0
0
0
1
0
0
0
0
0
0
0
0
0
0
0
~

ghost armor~
skin of the cadaver~
7
~
0
2
-1
-1
-1
-1
-1
-1
-1
-1
2
-1
-1
-2
-1
-2
-2
-2
-2
-2
10
-2
130
0
0
0
0
0
1
0
0
0
0
0
0
0
0
0
0
0
~

bone wrench~
skin wrench~
8
~
0
2
-1
-1
-1
-1
-1
-1
-1
-1
3
-1
-1
-2
-1
-2
-2
-2
-2
-2
10
-2
130
0
0
0
0
0
1
0
0
0
0
0
0
0
0
0
0
0
~

starving madness~
skin of the cadaver~
7
~
0
2
-1
-1
-1
-1
-1
-1
-1
-1
2
-1
-1
-2
-1
-2
-2
-2
-2
-2
13
-2
130
0
0
0
0
0
1
0
0
0
0
0
0
0
0
0
0
0
~

doom~
gloom~
10
~
0
2
-1
-1
-1
-1
-1
-1
-1
-1
3
-1
-1
-2
-1
-2
-2
-2
-2
-2
15
-2
130
0
0
0
0
0
1
0
0
0
0
0
0
0
0
0
0
0
~

ghost chains~
~
0
~
0
2
-1
-1
-1
-1
-1
-1
-1
-1
3
-1
-1
-2
-1
-2
-2
-2
-2
-2
15
-2
130
0
0
0
0
0
1
0
0
0
0
0
0
0
0
0
0
0
~

withering flesh~
~
0
~
0
2
-1
-1
-1
-1
-1
-1
-1
-1
3
-1
-1
-2
-1
-2
-2
-2
-2
-2
15
-2
130
0
0
0
0
0
1
0
0
0
0
0
0
0
0
0
0
0
~

summon cadaver~
corpse light~
10
skull watch~
7
2
-1
-1
-1
-1
-1
-1
-1
-1
4
-1
-1
-2
-1
-2
-2
-2
-2
-2
17
-2
130
0
0
0
0
0
1
0
0
0
0
0
0
0
0
0
0
0
~

shield of bones~
bone dart~
7
skin of the cadaver~
7
2
-1
-1
-1
-1
-1
-1
-1
-1
2
-1
-1
-2
-1
-2
-2
-2
-2
-2
17
-2
130
0
0
0
0
0
1
0
0
0
0
0
0
0
0
0
0
0
~

mind crush~
mind snap~
10
gift of the night~
7
2
-1
-1
-1
-1
-1
-1
-1
-1
3
-1
-1
-2
-1
-2
-2
-2
-2
-2
20
-2
130
0
0
0
0
0
1
0
0
0
0
0
0
0
0
0
0
0
~

weapon blight~
decaying touch~
7
blight~
7
2
-1
-1
-1
-1
-1
-1
-1
-1
4
-1
-1
-2
-1
-2
-2
-2
-2
-2
20
-2
130
0
0
0
0
0
1
0
0
0
0
0
0
0
0
0
0
0
~

destructive touch~
decaying touch~
7
~
0
2
-1
-1
-1
-1
-1
-1
-1
-1
3
-1
-1
-2
-1
-2
-2
-2
-2
-2
20
-2
130
0
0
0
0
0
1
0
0
0
0
0
0
0
0
0
0
0
~

bane~
doom~
7
gloom~
10
2
-1
-1
-1
-1
-1
-1
-1
-1
3
-1
-1
-2
-1
-2
-2
-2
-2
-2
23
-2
130
0
0
0
0
0
1
0
0
0
0
0
0
0
0
0
0
0
~

mind destruction~
mind crush~
7
gift of the night~
10
2
-1
-1
-1
-1
-1
-1
-1
-1
4
-1
-1
-2
-1
-2
-2
-2
-2
-2
25
-2
130
0
0
0
0
0
1
0
0
0
0
0
0
0
0
0
0
0
~

shuddering touch~
dark chill~
10
~
0
2
-1
-1
-1
-1
-1
-1
-1
-1
4
-1
-1
-2
-1
-2
-2
-2
-2
-2
25
-2
130
0
0
0
0
0
1
0
0
0
0
0
0
0
0
0
0
0
~

dead man eyes~
feast of the dead~
7
~
0
2
-1
-1
-1
-1
-1
-1
-1
-1
3
-1
-1
-2
-1
-2
-2
-2
-2
-2
27
-2
130
0
0
0
0
0
1
0
0
0
0
0
0
0
0
0
0
0
~

soul tear~
bone wrench~
10
skin wrench~
10
2
-1
-1
-1
-1
-1
-1
-1
-1
3
-1
-1
-2
-1
-2
-2
-2
-2
-2
30
-2
130
0
0
0
0
0
1
0
0
0
0
0
0
0
0
0
0
0
~

summon undead~
return the dead~
10
summon cadaver~
10
2
-1
-1
-1
-1
-1
-1
-1
-1
8
-1
-1
-2
-1
-2
-2
-2
-2
-2
30
-2
130
0
0
0
0
0
1
0
0
0
0
0
0
0
0
0
0
0
~

death mask~
~
0
~
0
2
-1
-1
-1
-1
-1
-1
-1
-1
4
-1
-1
-2
-1
-2
-2
-2
-2
-2
33
-2
130
0
0
0
0
0
1
0
0
0
0
0
0
0
0
0
0
0
~

volley of bones~
bone dart~
10
~
0
2
-1
-1
-1
-1
-1
-1
-1
-1
4
-1
-1
-2
-1
-2
-2
-2
-2
-2
33
-2
130
0
0
0
0
0
1
0
0
0
0
0
0
0
0
0
0
0
~

blood bond~
~
0
~
0
2
-1
-1
-1
-1
-1
-1
-1
-1
3
-1
-1
-2
-1
-2
-2
-2
-2
-2
35
-2
130
0
0
0
0
0
1
0
0
0
0
0
0
0
0
0
0
0
~

death skin~
skin of the cadaver~
10
~
0
2
-1
-1
-1
-1
-1
-1
-1
-1
5
-1
-1
-2
-1
-2
-2
-2
-2
-2
37
-2
130
0
0
0
0
0
1
0
0
0
0
0
0
0
0
0
0
0
~

desolation~
withering flesh~
10
~
0
2
-1
-1
-1
-1
-1
-1
-1
-1
4
-1
-1
-2
-1
-2
-2
-2
-2
-2
40
-2
130
0
0
0
0
0
1
0
0
0
0
0
0
0
0
0
0
0
~

bane fiend~
summon undead~
10
~
0
2
-1
-1
-1
-1
-1
-1
-1
-1
4
-1
-1
-2
-1
-2
-2
-2
-2
-2
45
-2
130
0
0
0
0
0
1
0
0
0
0
0
0
0
0
0
0
0
~

forsaken~
doom~
10
desolation~
10
2
-1
-1
-1
-1
-1
-1
-1
-1
6
-1
-1
-2
-1
-2
-2
-2
-2
-2
50
-2
130
0
0
0
0
0
1
0
0
0
0
0
0
0
0
0
0
0
~

feast of life~
feast of the dead~
10
blood bond~
10
2
-1
-1
-1
-1
-1
-1
-1
-1
9
-1
-1
-2
-1
-2
-2
-2
-2
-2
55
-2
130
0
0
0
0
0
1
0
0
0
0
0
0
0
0
0
0
0
~

mind blank~
~
0
~
0
2
-1
-1
-1
-1
-1
-1
-1
-1
10
-1
-1
-2
-1
-2
-2
-2
-2
-2
60
-2
130
0
0
0
0
0
1
0
0
0
0
0
0
0
0
0
0
0
~

blessing of Taraskatt~
forsaken~
10
desolation~
10
2
-1
-1
-1
-1
-1
-1
-1
-1
8
-1
-1
-2
-1
-2
-2
-2
-2
-2
75
-2
130
0
0
0
0
0
1
0
0
0
0
0
0
0
0
0
0
0
~

walk of the damned~
blood fiend~
10
summon undead~
10
2
-1
-1
-1
-1
-1
-1
-1
-1
12
-1
-1
-2
-1
-2
-2
-2
-2
-2
80
-2
130
0
0
0
0
0
1
0
0
0
0
0
0
0
0
0
0
0
~

unholy fire~
blessing of Taraskatt~
10
~
0
2
-1
-1
-1
-1
-1
-1
-1
-1
8
-1
-1
-2
-1
-2
-2
-2
-2
-2
85
-2
130
0
0
0
0
0
1
0
0
0
0
0
0
0
0
0
0
0
~

lichdom~
death skin~
10
feast of life~
10
2
-1
-1
-1
-1
-1
-1
-1
-1
12
-1
-1
-2
-1
-2
-2
-2
-2
-2
89
-2
130
0
0
0
0
0
1
0
0
0
0
0
0
0
0
0
0
0
~

return the dead~
summon cadaver~
10
~
0
2
-1
-1
-1
-1
-1
-1
-1
-1
6
-1
-1
-2
-1
-2
-2
-2
-2
-2
23
-2
130
0
0
0
0
0
1
0
0
0
0
0
0
0
0
0
0
0
~

blood fiend~
bane fiend~
10
soul tear~
10
2
-1
-1
-1
-1
-1
-1
-1
-1
9
-1
-1
-2
-1
-2
-2
-2
-2
-2
70
-2
130
0
0
0
0
0
1
0
0
0
0
0
0
0
0
0
0
0
~

corpse harvest~
feast of the dead~
7
~
0
2
-1
-1
-1
-1
-1
-1
-1
-1
2
-1
-2
-2
-2
-2
-2
-2
-2
-2
12
-2
130
0
0
0
0
0
1
0
0
0
0
0
0
0
0
0
0
0
~

ghost shield~
ghost armor~
8
shield of bones~
8
2
-1
-1
-1
-1
-1
-1
-1
-1
6
-1
-2
-2
-2
-2
-2
-2
-2
-2
25
-2
130
0
0
0
0
0
1
0
0
0
0
0
0
0
0
0
0
0
~

demon shield~
ghost shield~
7
~
0
2
-1
-1
-1
-1
-1
-1
-1
-1
2
-1
-2
-2
-2
-2
-2
-2
-2
-2
50
-2
130
0
0
0
0
0
1
0
0
0
0
0
0
0
0
0
0
0
~

body rot~
withering flesh~
7
~
0
2
-1
-1
-1
-1
-1
-1
-1
-1
2
-1
-2
-2
-2
-2
-2
-2
-2
-2
35
-2
130
0
0
0
0
0
1
0
0
0
0
0
0
0
0
0
0
0
~

ethereal bridge~
~
0
~
0
2
-1
-1
-1
-1
-1
-1
-1
-1
-1
-1
-1
-1
-1
-1
-1
-1
-1
-1
-1
-2
0
0
0
0
0
0
0
0
0
0
0
0
0
0
0
0
0
0
~

shatter resolve~
mind destruction~
10
mind blow~
10
2
-1
-1
-1
-1
-1
-1
-1
-1
7
-1
-1
-1
-1
-1
-1
-1
-1
-1
47
-2
0
0
0
0
0
0
1
0
0
0
0
0
0
0
0
0
0
0
~

liquify bones~
volley of bones~
10
~
0
2
-1
-1
-1
-1
-1
-1
-1
-1
8
-1
-1
-1
-1
-1
-1
-1
-1
-1
57
-2
0
0
0
0
0
0
1
0
0
0
0
0
0
0
0
0
0
0
~

mind blow~
mind crush~
10
~
0
2
-1
-1
-1
-1
-1
-1
-1
-1
4
-1
-1
-1
-1
-1
-1
-1
-1
-1
28
-2
0
0
0
0
0
0
1
0
0
0
0
0
0
0
0
0
0
0
~

enfeeblement~
~
0
~
0
2
-1
-1
-1
-1
-1
-1
-1
-1
5
-1
-1
-1
-1
-1
-1
-1
-1
-1
32
-2
0
0
0
0
0
0
1
0
0
0
0
0
0
0
0
0
0
0
~

simulcrum~
~
0
~
0
2
-1
-1
-1
-1
-1
-1
-1
-1
8
-1
-1
-1
-1
-1
-1
-1
-1
-1
50
-2
0
0
0
0
0
0
1
0
0
0
0
0
0
0
0
0
0
0
~

humming toad call~
~
0
~
0
2
-1
-1
-1
-1
-1
-1
-1
1
-1
-1
-1
-1
-1
-1
-1
-1
-1
5
-1
-2
0
0
0
0
0
0
0
1
0
0
0
0
0
0
0
0
0
0
~

song of the brook~
~
0
~
0
2
-1
-1
-1
-1
-1
-1
-1
3
-1
-1
-1
-1
-1
-1
-1
-1
-1
8
-1
-2
0
0
0
0
0
0
0
1
0
0
0
0
0
0
0
0
0
0
~

chant of war~
~
0
~
0
2
-1
-1
-1
-1
-1
-1
-1
4
-1
-1
-1
-1
-1
-1
-1
-1
-1
12
-1
-2
0
0
0
0
0
0
0
1
0
0
0
0
0
0
0
0
0
0
~

song of summer~
~
0
~
0
2
-1
-1
-1
-1
-1
-1
-1
4
-1
-1
-1
-1
-1
-1
-1
-1
-1
10
-1
-2
0
0
0
0
0
0
0
1
0
0
0
0
0
0
0
0
0
0
~

song of winter~
song of summer~
10
~
0
2
-1
-1
-1
-1
-1
-1
-1
5
-1
-1
-1
-1
-1
-1
-1
-1
-1
20
-1
-2
0
0
0
0
0
0
0
1
0
0
0
0
0
0
0
0
0
0
~

song of the wheat~
song of the brook~
10
~
0
2
-1
-1
-1
-1
-1
-1
-1
6
-1
-1
-1
-1
-1
-1
-1
-1
-1
18
-1
-2
0
0
0
0
0
0
0
1
0
0
0
0
0
0
0
0
0
0
~

chant of battle~
chant of war~
10
~
0
2
-1
-1
-1
-1
-1
-1
-1
7
-1
-1
-1
-1
-1
-1
-1
-1
-1
23
-1
-2
0
0
0
0
0
0
0
1
0
0
0
0
0
0
0
0
0
0
~

song of the buck~
~
0
~
0
2
-1
-1
-1
-1
-1
-1
-1
5
-1
-1
-1
-1
-1
-1
-1
-1
-1
25
-1
-2
0
0
0
0
0
0
0
1
0
0
0
0
0
0
0
0
0
0
~

song of serenity~
~
0
~
0
2
-1
-1
-1
-1
-1
-1
-1
6
-1
-1
-1
-1
-1
-1
-1
-1
-1
27
-1
-2
0
0
0
0
0
0
0
1
0
0
0
0
0
0
0
0
0
0
~

song of shadow~
song of serenity~
10
~
0
2
-1
-1
-1
-1
-1
-1
-1
8
-1
-1
-1
-1
-1
-1
-1
-1
-1
30
-1
-2
0
0
0
0
0
0
0
1
0
0
0
0
0
0
0
0
0
0
~

bark of the wolf~
~
0
~
0
2
-1
-1
-1
-1
-1
-1
-1
3
-1
-1
-1
-1
-1
-1
-1
-1
-1
7
-1
-2
0
0
0
0
0
0
0
1
0
0
0
0
0
0
0
0
0
0
~

howl of the wolf~
bark of the wolf~
10
~
0
2
-1
-1
-1
-1
-1
-1
-1
5
-1
-1
-1
-1
-1
-1
-1
-1
-1
32
-1
-2
0
0
0
0
0
0
0
1
0
0
0
0
0
0
0
0
0
0
~

baleful howl~
howl of the wolf~
10
~
0
2
-1
-1
-1
-1
-1
-1
-1
8
-1
-1
-1
-1
-1
-1
-1
-1
-1
55
-1
-2
0
0
0
0
0
0
0
1
0
0
0
0
0
0
0
0
0
0
~

harpy screech~
baleful howl~
10
~
0
2
-1
-1
-1
-1
-1
-1
-1
10
-1
-1
-1
-1
-1
-1
-1
-1
-1
70
-1
-2
0
0
0
0
0
0
0
1
0
0
0
0
0
0
0
0
0
0
~

song of autumn~
song of spring~
10
~
0
2
-1
-1
-1
-1
-1
-1
-1
7
-1
-1
-1
-1
-1
-1
-1
-1
-1
35
-1
-2
0
0
0
0
0
0
0
1
0
0
0
0
0
0
0
0
0
0
~

song of the summer equinox~
song of autumn~
10
~
0
2
-1
-1
-1
-1
-1
-1
-1
10
-1
-1
-1
-1
-1
-1
-1
-1
-1
50
-1
-2
0
0
0
0
0
0
0
1
0
0
0
0
0
0
0
0
0
0
~

song of the winter equinox~
song of the summer equinox~
7
~
0
2
-1
-1
-1
-1
-1
-1
-1
10
-1
-1
-1
-1
-1
-1
-1
-1
-1
55
-1
-2
0
0
0
0
0
0
0
1
0
0
0
0
0
0
0
0
0
0
~

song of seasons mastery~
song of the summer equinox~
10
song of the winter equinox~
10
2
-1
-1
-1
-1
-1
-1
-1
12
-1
-1
-1
-1
-1
-1
-1
-1
-1
75
-1
-2
0
0
0
0
0
0
0
1
0
0
0
0
0
0
0
0
0
0
~

song of the mire~
bark of the wolf~
10
~
0
2
-1
-1
-1
-1
-1
-1
-1
4
-1
-1
-1
-1
-1
-1
-1
-1
-1
20
-1
-2
0
0
0
0
0
0
0
1
0
0
0
0
0
0
0
0
0
0
~

song of the quicksand~
song of the mire~
10
~
0
2
-1
-1
-1
-1
-1
-1
-1
8
-1
-1
-1
-1
-1
-1
-1
-1
-1
45
-1
-2
0
0
0
0
0
0
0
1
0
0
0
0
0
0
0
0
0
0
~

song of carnage~
chant of battle~
10
~
0
2
-1
-1
-1
-1
-1
-1
-1
6
-1
-1
-1
-1
-1
-1
-1
-1
-1
40
-1
-2
0
0
0
0
0
0
0
1
0
0
0
0
0
0
0
0
0
0
~

song of eternal battle~
song of carnage~
10
~
0
2
-1
-1
-1
-1
-1
-1
-1
10
-1
-1
-1
-1
-1
-1
-1
-1
-1
55
-1
-2
0
0
0
0
0
0
0
1
0
0
0
0
0
0
0
0
0
0
~

song of blurring blades~
song of eternal battle~
10
~
0
2
-1
-1
-1
-1
-1
-1
-1
12
-1
-1
-1
-1
-1
-1
-1
-1
-1
68
-1
-2
0
0
0
0
0
0
0
1
0
0
0
0
0
0
0
0
0
0
~

song of the tireless traveller~
song of serenity~
7
~
0
2
-1
-1
-1
-1
-1
-1
-1
6
-1
-1
-1
-1
-1
-1
-1
-1
-1
30
-1
-2
0
0
0
0
0
0
0
1
0
0
0
0
0
0
0
0
0
0
~

song of the ox~
song of the buck~
10
~
0
2
-1
-1
-1
-1
-1
-1
-1
7
-1
-1
-1
-1
-1
-1
-1
-1
-1
35
-1
-2
0
0
0
0
0
0
0
1
0
0
0
0
0
0
0
0
0
0
~

song of the seraphim~
song of serenity~
10
~
0
2
-1
-1
-1
-1
-1
-1
-1
8
-1
-1
-1
-1
-1
-1
-1
-1
-1
42
-1
-2
0
0
0
0
0
0
0
1
0
0
0
0
0
0
0
0
0
0
~

song of the swift~
song of the tireless traveller~
10
~
0
2
-1
-1
-1
-1
-1
-1
-1
8
-1
-1
-1
-1
-1
-1
-1
-1
-1
50
-1
-2
0
0
0
0
0
0
0
1
0
0
0
0
0
0
0
0
0
0
~

song of the walrus~
song of the ox~
10
~
0
2
-1
-1
-1
-1
-1
-1
-1
9
-1
-1
-1
-1
-1
-1
-1
-1
-1
60
-1
-2
0
0
0
0
0
0
0
1
0
0
0
0
0
0
0
0
0
0
~

song of the celestial~
song of the seraphim~
10
~
0
2
-1
-1
-1
-1
-1
-1
-1
10
-1
-1
-1
-1
-1
-1
-1
-1
-1
70
-1
-2
0
0
0
0
0
0
0
1
0
0
0
0
0
0
0
0
0
0
~

song of the cheetah~
song of the swift~
10
~
0
2
-1
-1
-1
-1
-1
-1
-1
13
-1
-1
-1
-1
-1
-1
-1
-1
-1
80
-1
-2
0
0
0
0
0
0
0
1
0
0
0
0
0
0
0
0
0
0
~

song of the river~
song of the wheat~
10
~
0
2
-1
-1
-1
-1
-1
-1
-1
6
-1
-1
-1
-1
-1
-1
-1
-1
-1
30
-1
-2
0
0
0
0
0
0
0
1
0
0
0
0
0
0
0
0
0
0
~

song of the harvest~
song of the river~
10
~
0
2
-1
-1
-1
-1
-1
-1
-1
7
-1
-1
-1
-1
-1
-1
-1
-1
-1
40
-1
-2
0
0
0
0
0
0
0
1
0
0
0
0
0
0
0
0
0
0
~

song of renewal~
song of the river~
10
song of the harvest~
10
2
-1
-1
-1
-1
-1
-1
-1
9
-1
-1
-1
-1
-1
-1
-1
-1
-1
60
-1
-2
0
0
0
0
0
0
0
1
0
0
0
0
0
0
0
0
0
0
~

song of spring~
song of winter~
10
~
0
2
-1
-1
-1
-1
-1
-1
-1
6
-1
-1
-1
-1
-1
-1
-1
-1
-1
27
-1
-2
0
0
0
0
0
0
0
0
0
0
0
0
0
0
0
0
0
0
~

natures blessing~
~
0
~
0
2
-1
-1
-1
-1
-1
3
-1
-1
-1
-1
-1
-1
-1
-1
-1
15
-1
-1
-1
-2
0
0
0
0
0
0
0
0
0
0
0
0
0
0
0
0
0
0
~

natures imbued~
natures blessing~
8
~
0
2
-1
-1
-1
-1
-1
4
-1
-1
-1
-1
-1
-1
-1
-1
-1
30
-1
-1
-1
-2
0
0
0
0
0
0
0
0
0
0
0
0
0
0
0
0
0
0
~

natures infuse~
natures imbued~
8
~
0
2
-1
-1
-1
-1
-1
5
-1
-1
-1
-1
-1
-1
-1
-1
-1
45
-1
-1
-1
-2
0
0
0
0
0
0
0
0
0
0
0
0
0
0
0
0
0
0
~

natures spirit~
~
0
~
0
2
-1
-1
-1
-1
-1
-1
-1
-1
-1
-1
-1
-1
-1
-1
-1
-1
-1
-1
-1
-2
0
0
0
0
0
0
0
0
0
0
0
0
0
0
0
0
0
0
~

natures calling~
~
0
~
0
2
-1
-1
-1
-1
-1
-1
-1
-1
-1
-1
-1
-1
-1
-1
-1
-1
-1
-1
-1
-2
0
0
0
0
0
0
0
0
0
0
0
0
0
0
0
0
0
0
~

calling of the true beast~
~
0
~
0
2
-1
-1
-1
-1
-1
-1
-1
-1
-1
-1
-1
-1
-1
-1
-1
-1
-1
-1
-1
-2
0
0
0
0
0
0
0
0
0
0
0
0
0
0
0
0
0
0
~

souls balm~
~
0
~
0
2
-1
4
-1
-1
-1
-1
-1
-1
-1
-1
-1
20
-1
-1
-1
-1
-1
-1
-1
-2
0
0
0
0
1
0
0
0
0
0
0
0
0
0
0
0
0
0
~

souls respite~
~
0
~
0
2
-1
6
-1
-1
-1
-1
-1
-1
-1
-1
-1
40
-1
-1
-1
-1
-1
-1
-1
-2
0
0
0
0
1
0
0
0
0
0
0
0
0
0
0
0
0
0
~

souls recovery~
~
0
~
0
2
-1
8
-1
-1
-1
-1
-1
-1
-1
-1
-1
60
-1
-1
-1
-1
-1
-1
-1
-2
0
0
0
0
1
0
0
0
0
0
0
0
0
0
0
0
0
0
~

souls return~
~
0
~
0
2
-1
12
-1
-1
-1
-1
-1
-1
-1
-1
-1
80
-1
-1
-1
-1
-1
-1
-1
-2
0
0
0
0
1
0
0
0
0
0
0
0
0
0
0
0
0
0
~

deaths recall~
~
0
~
0
2
-1
-1
-1
-1
-1
-1
-1
-1
4
-1
-1
-1
-1
-1
-1
-1
-1
-1
20
-2
0
0
0
0
0
0
0
0
0
0
0
0
0
0
0
0
0
0
~

body snatch~
deaths recall~
7
~
0
2
-1
-1
-1
-1
-1
-1
-1
-1
8
-1
-1
-1
-1
-1
-1
-1
-1
-1
40
-2
0
0
0
0
0
0
1
0
0
0
0
0
0
0
0
0
0
0
~

summon corpse~
body snatch~
10
~
0
2
-1
-1
-1
-1
-1
-1
-1
-1
12
-1
-1
-1
-1
-1
-1
-1
-1
-1
60
-2
0
0
0
0
0
0
1
0
0
0
0
0
0
0
0
0
0
0
~

theft of death~
summon corpse~
10
~
0
2
-1
-1
-1
-1
-1
-1
-1
-1
16
-1
-1
-1
-1
-1
-1
-1
-1
-1
80
-2
0
0
0
0
0
0
1
0
0
0
0
0
0
0
0
0
0
0
~

wail of the siren~
~
0
~
0
2
-1
-1
-1
-1
-1
-1
-1
5
-1
-1
-1
-1
-1
-1
-1
-1
-1
25
-1
-2
0
0
0
0
0
0
0
0
0
0
0
0
0
0
0
0
0
0
~

wail of the banshee~
wail of the siren~
10
~
0
2
-1
-1
-1
-1
-1
-1
-1
8
-1
-1
-1
-1
-1
-1
-1
-1
-1
50
-1
-2
0
0
0
0
0
0
0
0
0
0
0
0
0
0
0
0
0
0
~

scream of the banshee~
wail of the banshee~
10
~
0
2
-1
-1
-1
-1
-1
-1
-1
11
-1
-1
-1
-1
-1
-1
-1
-1
-1
75
-1
-2
0
0
0
0
0
0
0
0
0
0
0
0
0
0
0
0
0
0
~

song of the serenade~
~
0
~
0
2
-1
-1
-1
-1
-1
-1
-1
-1
-1
-1
-1
-1
-1
-1
-1
-1
-1
-1
-1
-2
0
0
0
0
0
0
0
0
0
0
0
0
0
0
0
0
0
0
~

lullaby~
song of the buck~
8
song of serenity~
8
2
-1
-1
-1
-1
-1
-1
-1
7
-1
-1
-1
-1
-1
-1
-1
-1
-1
30
-1
-2
0
0
0
0
0
0
0
0
0
0
0
0
0
0
0
0
0
0
~

song of the enchanted lullaby~
lullaby~
8
~
0
2
-1
-1
-1
-1
-1
-1
-1
10
-1
-1
-1
-1
-1
-1
-1
-1
-1
60
-1
-2
0
0
0
0
0
0
0
0
0
0
0
0
0
0
0
0
0
0
~

song of the dragons stance~
song of the bears stance~
8
~
0
2
-1
-1
-1
-1
-1
-1
-1
12
-1
-1
-1
-1
-1
-1
-1
-1
-1
70
-1
-2
0
0
0
0
0
0
0
0
0
0
0
0
0
0
0
0
0
0
~

song of the bears stance~
song of the cats stance~
8
~
0
2
-1
-1
-1
-1
-1
-1
-1
8
-1
-1
-1
-1
-1
-1
-1
-1
-1
50
-1
-2
0
0
0
0
0
0
0
0
0
0
0
0
0
0
0
0
0
0
~

song of the cats stance~
~
0
~
0
2
-1
-1
-1
-1
-1
-1
-1
8
-1
-1
-1
-1
-1
-1
-1
-1
-1
30
-1
-2
0
0
0
0
0
0
0
0
0
0
0
0
0
0
0
0
0
0
~

song of the whirling blades~
~
9
~
0
2
-1
-1
-1
-1
-1
-1
-1
-1
-1
-1
-1
-1
-1
-1
-1
-1
-1
-1
-1
-2
0
0
0
0
0
0
0
1
0
0
0
0
0
0
0
0
0
0
~

song of iron resolve~
~
9
~
0
2
-1
-1
-1
-1
-1
-1
-1
-1
-1
-1
-1
-1
-1
-1
-1
-1
-1
-1
-1
-2
0
0
0
0
0
0
0
1
0
0
0
0
0
0
0
0
0
0
~

song of the whirling death~
~
9
~
0
2
-1
-1
-1
-1
-1
-1
-1
-1
-1
-1
-1
-1
-1
-1
-1
-1
-1
-1
-1
-2
0
0
0
0
0
0
0
1
0
0
0
0
0
0
0
0
0
0
~

shield of flame~
mystic shield~
9
~
0
2
3
-1
-1
-1
-1
-1
-1
-1
-1
-1
10
-1
-1
-1
-1
-1
-1
-1
-1
-2
0
0
0
0
0
1
0
0
0
0
0
0
0
0
0
0
0
0
~

fiery shield~
fire shield~
10
~
0
2
8
-1
-1
-1
-1
-1
-1
-1
-1
-1
40
-1
-1
-1
-1
-1
-1
-1
-1
-2
0
0
0
0
0
1
0
0
0
0
0
0
0
0
0
0
0
0
~

shield of the inferno~
fiery shield~
10
~
0
2
10
-1
-1
-1
-1
-1
-1
-1
-1
-1
60
-1
-1
-1
-1
-1
-1
-1
-1
-2
0
0
0
0
0
1
0
0
0
0
0
0
0
0
0
0
0
0
~

frost shield~
mystic shield~
10
~
0
2
4
-1
-1
-1
-1
-1
-1
-1
-1
-1
15
-1
-1
-1
-1
-1
-1
-1
-1
-2
0
0
0
0
0
1
0
0
0
0
0
0
0
0
0
0
0
0
~

hoar shield~
frost shield~
10
~
0
2
6
-1
-1
-1
-1
-1
-1
-1
-1
-1
35
-1
-1
-1
-1
-1
-1
-1
-1
-2
0
0
0
0
0
1
0
0
0
0
0
0
0
0
0
0
0
0
~

absolute zero~
hoar frost~
10
~
0
2
8
-1
-1
-1
-1
-1
-1
-1
-1
-1
75
-1
-1
-1
-1
-1
-1
-1
-1
-2
0
0
0
0
0
1
0
0
0
0
0
0
0
0
0
0
0
0
~

spark shield~
mystic shield~
10
~
0
2
4
-1
-1
-1
-1
-1
-1
-1
-1
-1
20
-1
-1
-1
-1
-1
-1
-1
-1
-2
0
0
0
0
0
1
0
0
0
0
0
0
0
0
0
0
0
0
~

shock shield~
spark shield~
10
~
0
2
7
-1
-1
-1
-1
-1
-1
-1
-1
-1
40
-1
-1
-1
-1
-1
-1
-1
-1
-2
0
0
0
0
0
1
0
0
0
0
0
0
0
0
0
0
0
0
~

shield of lightning~
shock shield~
10
~
0
2
7
-1
-1
-1
-1
-1
-1
-1
-1
-1
60
-1
-1
-1
-1
-1
-1
-1
-1
-2
0
0
0
0
0
1
0
0
0
0
0
0
0
0
0
0
0
0
~

shield of erosion~
shield of corrosion~
0
~
0
2
-1
-1
-1
-1
-1
6
-1
-1
-1
-1
-1
-1
-1
-1
-1
35
-1
-1
-1
-2
0
0
0
0
0
0
0
0
0
0
0
0
0
0
0
0
0
0
~

shield of corrosion~
~
0
~
0
2
-1
-1
-1
-1
-1
4
-1
-1
-1
-1
-1
-1
-1
-1
-1
15
-1
-1
-1
-2
0
0
0
0
0
0
0
0
0
0
0
0
0
0
0
0
0
0
~

caustic shield~
shield of erosion~
10
~
0
2
-1
-1
-1
-1
-1
7
-1
-1
-1
-1
-1
-1
-1
-1
-1
55
-1
-1
-1
-2
0
0
0
0
0
0
0
1
0
0
0
0
0
0
0
0
0
0
~

song of the spring equinox~
song of spring~
10
~
0
2
-1
-1
-1
-1
-1
-1
-1
9
-1
-1
-1
-1
-1
-1
-1
-1
-1
60
-1
-2
0
0
0
0
0
0
0
1
0
0
0
0
0
0
0
0
0
0
~

song of the harvest equinox~
song of the river~
10
~
0
2
-1
-1
-1
-1
-1
-1
-1
9
-1
-1
-1
-1
-1
-1
-1
-1
-1
65
-1
-2
0
0
292
0
0
0
0
1
0
0
0
0
0
0
0
0
0
0
~

evil aura~
~
0
~
0
2
-1
4
-1
-1
-1
-1
-1
-1
-1
-1
-1
10
-1
-1
-1
-1
-1
-1
-1
-2
0
0
292
0
1
0
0
0
0
0
0
0
0
0
0
0
0
0
~

dreadful aura~
evil aura~
10
~
0
2
-1
6
-1
-1
-1
-1
-1
-1
-1
-1
-1
30
-1
-1
-1
-1
-1
-1
-1
-2
0
0
0
0
1
0
0
0
0
0
0
0
0
0
0
0
0
0
~

wicked aura~
dreadful aura~
10
~
0
2
-1
7
-1
-1
-1
-1
-1
-1
-1
-1
-1
50
-1
-1
-1
-1
-1
-1
-1
-2
0
0
292
0
1
0
0
0
0
0
0
0
0
0
0
0
0
0
~

blessed aura~
~
0
~
0
2
-1
4
-1
-1
-1
-1
-1
-1
-1
-1
-1
10
-1
-1
-1
-1
-1
-1
-1
-2
0
0
0
0
1
0
0
0
0
0
0
0
0
0
0
0
0
0
~

hallowed aura~
blessed aura~
10
~
0
2
-1
7
-1
-1
-1
-1
-1
-1
-1
-1
-1
30
-1
-1
-1
-1
-1
-1
-1
-2
0
0
73
0
1
0
0
0
0
0
0
0
0
0
0
0
0
0
~

saintly aura~
hallowed aura~
10
~
0
2
-1
7
-1
-1
-1
-1
-1
-1
-1
-1
-1
50
-1
-1
-1
-1
-1
-1
-1
-2
0
0
73
0
1
0
0
0
0
0
0
0
0
0
0
0
0
0
~

bone prison~
ghost chains~
10
~
0
2
-1
-1
-1
-1
-1
-1
-1
-1
8
-1
-1
-1
-1
-1
-1
-1
-1
-1
40
-2
0
0
0
0
0
0
1
0
0
0
0
0
0
0
0
0
0
0
~

life tap~
blood bond~
10
~
0
2
-1
-1
-1
-1
-1
-1
-1
-1
9
-1
-1
-1
-1
-1
-1
-1
-1
-1
45
-2
0
0
0
0
0
0
1
0
0
0
0
0
0
0
0
0
0
0
~

wraith form~
forsaken~
10
~
0
2
-1
-1
-1
-1
-1
-1
-1
-1
10
-1
-1
-1
-1
-1
-1
-1
-1
-1
65
-2
0
0
0
0
0
0
1
0
0
0
0
0
0
0
0
0
0
0
~

autumn touch~
lashing frogs tongue~
8
~
0
2
-1
-1
-1
-1
-1
-1
-1
-1
-1
5
-1
-1
-1
-1
-1
-1
-1
-1
-1
29
0
0
0
0
0
0
0
0
0
0
0
0
0
0
0
0
0
0
~

winters gale~
winters touch~
8
~
0
2
-1
-1
-1
-1
-1
-1
-1
-1
-1
4
-1
-1
-1
-1
-1
-1
-1
-1
-1
27
0
0
0
0
0
0
0
0
0
0
0
0
0
0
0
0
0
0
~

winters touch~
~
0
~
0
2
-1
-1
-1
-1
-1
-1
-1
-1
-1
2
-1
-1
-1
-1
-1
-1
-1
-1
-1
7
0
0
0
0
0
0
0
0
0
0
0
0
0
0
0
0
0
0
~

hail stones~
winters gale~
8
~
0
2
-1
-1
-1
-1
-1
-1
-1
-1
-1
8
-1
-1
-1
-1
-1
-1
-1
-1
-1
47
0
0
0
0
0
0
0
0
0
0
0
0
0
0
0
0
0
0
~

summer touch~
dancing tallow~
8
~
0
2
-1
-1
-1
-1
-1
-1
-1
-1
-1
4
-1
-1
-1
-1
-1
-1
-1
-1
-1
25
0
0
0
0
0
0
0
0
0
0
0
0
0
0
0
0
0
0
~

dancing tallow~
~
0
~
0
2
-1
-1
-1
-1
-1
-1
-1
-1
-1
2
-1
-1
-1
-1
-1
-1
-1
-1
-1
5
0
0
0
0
0
0
0
0
0
0
0
0
0
0
0
0
0
0
~

harness the winds~
touch of the electric eel~
8
~
0
2
-1
-1
-1
-1
-1
-1
-1
-1
-1
4
-1
-1
-1
-1
-1
-1
-1
-1
-1
23
0
0
0
0
0
0
0
0
0
0
0
0
0
0
0
0
0
0
~

green finger~
~
0
~
0
2
-1
-1
-1
-1
-1
-1
-1
-1
-1
2
-1
-1
-1
-1
-1
-1
-1
-1
-1
5
0
0
0
0
0
0
0
0
0
0
0
0
0
0
0
0
0
0
~

natures boon~
green finger~
8
~
0
2
-1
-1
-1
-1
-1
-1
-1
-1
-1
5
-1
-1
-1
-1
-1
-1
-1
-1
-1
30
0
0
0
0
0
0
0
0
0
0
0
0
0
0
0
0
0
0
~

tree form~
natures boon~
10
blessed fruit~
10
2
-1
-1
-1
-1
-1
-1
-1
-1
-1
14
-1
-1
-1
-1
-1
-1
-1
-1
-1
60
0
0
0
0
0
0
0
0
0
0
0
0
0
0
0
0
0
0
~

parching grasp~
defoliation~
8
~
0
2
-1
-1
-1
-1
-1
-1
-1
-1
-1
3
-1
-1
-1
-1
-1
-1
-1
-1
-1
20
0
0
0
0
0
0
0
0
0
0
0
0
0
0
0
0
0
0
~

entangle~
~
0
~
0
2
-1
-1
-1
-1
-1
-1
-1
-1
-1
8
-1
-1
-1
-1
-1
-1
-1
-1
-1
25
0
0
0
0
0
0
0
0
0
0
0
0
0
0
0
0
0
0
~

natures fury~
deep energy~
8
whirlwind~
8
2
-1
-1
-1
-1
-1
-1
-1
-1
-1
13
-1
-1
-1
-1
-1
-1
-1
-1
-1
80
0
0
0
0
0
0
0
0
0
0
0
0
0
0
0
0
0
0
~

natures shielding~
natures boon~
8
~
0
2
-1
-1
-1
-1
-1
-1
-1
-1
-1
10
-1
-1
-1
-1
-1
-1
-1
-1
-1
60
0
0
0
0
0
0
0
0
0
0
0
0
0
0
0
0
0
0
~

defoliation~
~
0
~
0
2
-1
-1
-1
-1
-1
-1
-1
-1
-1
1
-1
-1
-1
-1
-1
-1
-1
-1
-1
1
0
0
0
0
0
0
0
0
0
0
0
0
0
0
0
0
0
0
~

breath of the ice serpent~
hail stones~
8
~
0
2
-1
-1
-1
-1
-1
-1
-1
-1
-1
11
-1
-1
-1
-1
-1
-1
-1
-1
-1
67
0
0
0
0
0
0
0
0
0
0
0
0
0
0
0
0
0
0
~

trail blaze~
~
0
~
0
2
-1
-1
-1
-1
-1
-1
-1
-1
-1
1
-1
-1
-1
-1
-1
-1
-1
-1
-1
1
0
0
0
0
0
0
0
0
0
0
0
0
0
0
0
0
0
0
~

path find~
trail blaze~
10
~
0
2
-1
-1
-1
-1
-1
-1
-1
-1
-1
6
-1
-1
-1
-1
-1
-1
-1
-1
-1
36
0
0
0
0
0
0
0
0
0
0
0
0
0
0
0
0
0
0
~

caress of nature~
gift of the owl~
8
gift of the snake~
8
2
-1
-1
-1
-1
-1
-1
-1
-1
-1
4
-1
-1
-1
-1
-1
-1
-1
-1
-1
28
0
0
0
0
0
0
0
0
0
0
0
0
0
0
0
0
0
0
~

gift of the bear~
gift of the owl~
10
~
0
2
-1
-1
-1
-1
-1
-1
-1
-1
-1
6
-1
-1
-1
-1
-1
-1
-1
-1
-1
38
0
0
0
0
0
0
0
0
0
0
0
0
0
0
0
0
0
0
~

gift of the snake~
~
0
~
0
2
-1
-1
-1
-1
-1
-1
-1
-1
-1
3
-1
-1
-1
-1
-1
-1
-1
-1
-1
18
0
0
0
0
0
0
0
0
0
0
0
0
0
0
0
0
0
0
~

gift of the lion~
gift of the bear~
10
~
0
2
-1
-1
-1
-1
-1
-1
-1
-1
-1
8
-1
-1
-1
-1
-1
-1
-1
-1
-1
48
0
0
0
0
0
0
0
0
0
0
0
0
0
0
0
0
0
0
~

caress of gaia~
caress of nature~
10
~
0
2
-1
-1
-1
-1
-1
-1
-1
-1
-1
9
-1
-1
-1
-1
-1
-1
-1
-1
-1
58
0
0
0
0
0
0
0
0
0
0
0
0
0
0
0
0
0
0
~

gift of the hawk~
gift of the lion~
10
~
0
2
-1
-1
-1
-1
-1
-1
-1
-1
-1
11
-1
-1
-1
-1
-1
-1
-1
-1
-1
68
0
0
0
0
0
0
0
0
0
0
0
0
0
0
0
0
0
0
~

gift of the wyrm~
gift of the hawk~
10
~
0
2
-1
-1
-1
-1
-1
-1
-1
-1
-1
15
-1
-1
-1
-1
-1
-1
-1
-1
-1
88
0
0
0
0
0
0
0
0
0
0
0
0
0
0
0
0
0
0
~

wilderness lore~
path finding~
10
~
0
2
-1
-1
-1
-1
-1
-1
-1
-1
-1
13
-1
-1
-1
-1
-1
-1
-1
-1
-1
78
0
0
0
0
0
0
0
0
0
0
0
0
0
0
0
0
0
0
~

animal companion~
~
0
~
0
2
-1
-1
-1
-1
-1
-1
-1
-1
-1
10
-1
-1
-1
-1
-1
-1
-1
-1
-1
5
0
0
0
0
0
0
0
0
0
0
0
0
0
0
0
0
0
0
~

bramble skin~
~
0
~
0
2
-1
-1
-1
-1
-1
-1
-1
-1
-1
6
-1
-1
-1
-1
-1
-1
-1
-1
-1
35
0
0
0
0
0
0
0
0
0
0
0
0
0
0
0
0
0
0
~

thistle skin~
bramble skin~
10
~
0
2
-1
-1
-1
-1
-1
-1
-1
-1
-1
11
-1
-1
-1
-1
-1
-1
-1
-1
-1
65
0
0
0
0
0
0
0
0
0
0
0
0
0
0
0
0
0
0
~

gift of the owl~
~
0
~
0
2
-1
-1
-1
-1
-1
-1
-1
-1
-1
3
-1
-1
-1
-1
-1
-1
-1
-1
-1
18
0
0
0
0
0
0
0
0
0
0
0
0
0
0
0
0
0
0
~

lashing frogs tongue~
~
0
~
0
2
-1
-1
-1
-1
-1
-1
-1
-1
-1
2
-1
-1
-1
-1
-1
-1
-1
-1
-1
9
0
0
0
0
0
0
0
0
0
0
0
0
0
0
0
0
0
0
~

pool of bubbling water~
autumn touch~
8
~
0
2
-1
-1
-1
-1
-1
-1
-1
-1
-1
8
-1
-1
-1
-1
-1
-1
-1
-1
-1
49
0
0
0
0
0
0
0
0
0
0
0
0
0
0
0
0
0
0
~

acid rain~
pool of bubbling water~
8
~
0
2
-1
-1
-1
-1
-1
-1
-1
-1
-1
11
-1
-1
-1
-1
-1
-1
-1
-1
-1
69
0
0
0
0
0
0
0
0
0
0
0
0
0
0
0
0
0
0
~

touch of the electric eel~
~
0
~
0
2
-1
-1
-1
-1
-1
-1
-1
-1
-1
1
-1
-1
-1
-1
-1
-1
-1
-1
-1
3
0
0
0
0
0
0
0
0
0
0
0
0
0
0
0
0
0
0
~

electrical storm~
deep energy~
8
~
0
2
-1
-1
-1
-1
-1
-1
-1
-1
-1
15
-1
-1
-1
-1
-1
-1
-1
-1
-1
83
0
0
0
0
0
0
0
0
0
0
0
0
0
0
0
0
0
0
~

bite of the fire ant~
summer touch~
8
~
0
2
-1
-1
-1
-1
-1
-1
-1
-1
-1
6
-1
-1
-1
-1
-1
-1
-1
-1
-1
45
0
0
0
0
0
0
0
0
0
0
0
0
0
0
0
0
0
0
~

river of magma~
bite of the fire ant~
8
~
0
2
-1
-1
-1
-1
-1
-1
-1
-1
-1
10
-1
-1
-1
-1
-1
-1
-1
-1
-1
65
0
0
0
0
0
0
0
0
0
0
0
0
0
0
0
0
0
0
~

circle of healing~
blessed fruit~
10
breath of life~
10
2
-1
-1
-1
-1
-1
-1
-1
-1
-1
10
-1
-1
-1
-1
-1
-1
-1
-1
-1
65
0
0
0
0
0
0
0
0
0
0
0
0
0
0
0
0
0
0
~

druidic ring~
circle of healing~
10
~
0
2
-1
-1
-1
-1
-1
-1
-1
-1
-1
16
-1
-1
-1
-1
-1
-1
-1
-1
-1
85
0
0
0
0
0
0
0
0
0
0
0
0
0
0
0
0
0
0
~

good berry~
~
0
~
0
2
-1
-1
-1
-1
-1
-1
-1
-1
-1
2
-1
-1
-1
-1
-1
-1
-1
-1
-1
7
0
0
0
0
0
0
0
0
0
0
0
0
0
0
0
0
0
0
~

deep energy~
harness the winds~
8
call lightning~
8
2
-1
-1
-1
-1
-1
-1
-1
-1
-1
10
-1
-1
-1
-1
-1
-1
-1
-1
-1
63
0
0
0
0
0
0
0
0
0
0
0
0
0
0
0
0
0
0
~

tree gate~
~
0
~
0
2
-1
-1
-1
-1
-1
-1
-1
-1
-1
13
-1
-1
-1
-1
-1
-1
-1
-1
-1
80
0
0
0
0
0
0
0
0
0
0
0
0
0
0
0
0
0
0
~

blessed fruit~
good berry~
10
~
0
2
-1
-1
-1
-1
-1
-1
-1
-1
-1
8
-1
-1
-1
-1
-1
-1
-1
-1
-1
47
0
0
0
0
0
0
0
0
0
0
0
0
0
0
0
0
0
0
~

gift of the land~
blessed fruit~
10
~
0
2
-1
-1
-1
-1
-1
-1
-1
-1
-1
15
-1
-1
-1
-1
-1
-1
-1
-1
-1
87
0
0
0
0
0
0
0
0
0
0
0
0
0
0
0
0
0
0
~

caress of spring~
~
0
~
0
2
-1
-1
-1
-1
-1
-1
-1
-1
-1
3
-1
-1
-1
-1
-1
-1
-1
-1
-1
5
0
0
0
0
0
0
0
0
0
0
0
0
0
0
0
0
0
0
~

breath of life~
caress of spring~
8
~
0
2
-1
-1
-1
-1
-1
-1
-1
-1
-1
10
-1
-1
-1
-1
-1
-1
-1
-1
-1
45
0
0
0
0
0
0
0
0
0
0
0
0
0
0
0
0
0
0
~

embrace of the world~
breath of life~
8
~
0
2
-1
-1
-1
-1
-1
-1
-1
-1
-1
17
-1
-1
-1
-1
-1
-1
-1
-1
-1
85
0
0
0
0
0
0
0
0
0
0
0
0
0
0
0
0
0
0
~

water walk~
~
0
~
0
2
-1
-1
-1
-1
-1
-1
-1
-1
-1
6
-1
-1
-1
-1
-1
-1
-1
-1
-1
40
0
0
0
0
0
0
0
0
0
0
0
0
0
0
0
0
0
0
~

wind walk~
water walk~
8
~
0
2
-1
-1
-1
-1
-1
-1
-1
-1
-1
14
-1
-1
-1
-1
-1
-1
-1
-1
-1
75
0
0
0
0
0
0
0
0
0
0
0
0
0
0
0
0
0
0
~

obscuring mist~
natures shielding~
8
~
0
2
-1
-1
-1
-1
-1
-1
-1
-1
-1
13
-1
-1
-1
-1
-1
-1
-1
-1
-1
80
0
0
0
0
0
0
0
0
0
0
0
0
0
0
0
0
0
0
~

poison touch~
defoliation~
8
~
0
2
-1
-1
-1
-1
-1
-1
-1
-1
-1
4
-1
-1
-1
-1
-1
-1
-1
-1
-1
20
0
0
0
0
0
0
0
0
0
0
0
0
0
0
0
0
0
0
~

insect plague~
summon swarm~
8
~
0
2
-1
-1
-1
-1
-1
-1
-1
-1
-1
6
-1
-1
-1
-1
-1
-1
-1
-1
-1
40
0
0
0
0
0
0
0
0
0
0
0
0
0
0
0
0
0
0
~

spike growth~
parching grasp~
8
~
0
2
-1
-1
-1
-1
-1
-1
-1
-1
-1
6
-1
-1
-1
-1
-1
-1
-1
-1
-1
40
0
0
0
0
0
0
0
0
0
0
0
0
0
0
0
0
0
0
~

whirlwind~
spike growth~
8
~
0
2
-1
-1
-1
-1
-1
-1
-1
-1
-1
10
-1
-1
-1
-1
-1
-1
-1
-1
-1
60
0
0
0
0
0
0
0
0
0
0
0
0
0
0
0
0
0
0
~

summon swarm~
poison touch~
8
~
0
2
-1
-1
-1
-1
-1
-1
-1
-1
-1
6
-1
-1
-1
-1
-1
-1
-1
-1
-1
40
0
0
0
0
0
0
0
0
0
0
0
0
0
0
0
0
0
0
~

sunburst~
river of magma~
8
~
0
2
-1
-1
-1
-1
-1
-1
-1
-1
-1
14
-1
-1
-1
-1
-1
-1
-1
-1
-1
85
0
0
0
0
0
0
0
0
0
0
0
0
0
0
0
0
0
0
~

shillelagh~
~
0
~
0
2
-1
-1
-1
-1
-1
-1
-1
-1
-1
6
-1
-1
-1
-1
-1
-1
-1
-1
-1
16
0
0
0
0
0
0
0
0
1
0
0
0
0
0
0
0
0
0
~

firefly~
find tinder~
8
animal companion~
5
2
-1
-1
-1
-1
-1
-1
-1
-1
-1
3
-1
-1
-1
-1
-1
-1
-1
-1
-1
10
0
0
0
0
0
0
0
0
1
0
0
0
0
0
0
0
0
0
~

natures health~
~
0
~
0
2
-1
-1
-1
-1
-1
-1
-1
-1
-1
-1
-1
-1
-1
-1
-1
-1
-1
-1
-1
-2
0
0
0
0
0
0
0
0
0
0
0
0
0
0
0
0
0
0
~

companion health~
touch of healing~
10
~
0
2
-1
-1
-1
-1
-1
-1
-1
-1
-1
5
-1
-1
-1
-1
-1
-1
-1
-1
-1
30
0
0
0
0
0
0
0
0
0
0
0
0
0
0
0
0
0
0
~

natures restoration~
~
0
~
0
2
-1
-1
-1
-1
-1
-1
-1
-1
-1
-1
-1
-1
-1
-1
-1
-1
-1
-1
-1
-2
0
0
0
0
0
0
0
0
0
0
0
0
0
0
0
0
0
0
~

touch of healing~
~
0
~
0
2
-1
-1
-1
-1
-1
-1
-1
-1
-1
2
-1
-1
-1
-1
-1
-1
-1
-1
-1
8
0
0
0
0
0
0
0
0
0
0
0
0
0
0
0
0
0
0
~

uspell_349~
~
0
~
0
2
-1
-1
-1
-1
-1
-1
-1
-1
-1
-1
-1
-1
-1
-1
-1
-1
-1
-1
-1
-2
0
0
0
0
0
0
0
0
0
0
0
0
0
0
0
0
0
0
~

uspell_350~
~
0
~
0
2
-1
-1
-1
-1
-1
-1
-1
-1
-1
-1
-1
-1
-1
-1
-1
-1
-1
-1
-1
-2
0
0
0
0
0
0
0
0
0
0
0
0
0
0
0
0
0
0
~

uspell_351~
~
0
~
0
2
-1
-1
-1
-1
-1
-1
-1
-1
-1
-1
-1
-1
-1
-1
-1
-1
-1
-1
-1
-2
0
0
0
0
0
0
0
0
0
0
0
0
0
0
0
0
0
0
~

uspell_352~
~
0
~
0
2
-1
-1
-1
-1
-1
-1
-1
-1
-1
-1
-1
-1
-1
-1
-1
-1
-1
-1
-1
-2
0
0
0
0
0
0
0
0
0
0
0
0
0
0
0
0
0
0
~

uspell_353~
~
0
~
0
2
-1
-1
-1
-1
-1
-1
-1
-1
-1
-1
-1
-1
-1
-1
-1
-1
-1
-1
-1
-2
0
0
0
0
0
0
0
0
0
0
0
0
0
0
0
0
0
0
~

uspell_354~
~
0
~
0
2
-1
-1
-1
-1
-1
-1
-1
-1
-1
-1
-1
-1
-1
-1
-1
-1
-1
-1
-1
-2
0
0
0
0
0
0
0
0
0
0
0
0
0
0
0
0
0
0
~

uspell_355~
~
0
~
0
2
-1
-1
-1
-1
-1
-1
-1
-1
-1
-1
-1
-1
-1
-1
-1
-1
-1
-1
-1
-2
0
0
0
0
0
0
0
0
0
0
0
0
0
0
0
0
0
0
~

uspell_356~
~
0
~
0
2
-1
-1
-1
-1
-1
-1
-1
-1
-1
-1
-1
-1
-1
-1
-1
-1
-1
-1
-1
-2
0
0
0
0
0
0
0
0
0
0
0
0
0
0
0
0
0
0
~

uspell_357~
~
0
~
0
2
-1
-1
-1
-1
-1
-1
-1
-1
-1
-1
-1
-1
-1
-1
-1
-1
-1
-1
-1
-2
0
0
0
0
0
0
0
0
0
0
0
0
0
0
0
0
0
0
~

uspell_358~
~
0
~
0
2
-1
-1
-1
-1
-1
-1
-1
-1
-1
-1
-1
-1
-1
-1
-1
-1
-1
-1
-1
-2
0
0
0
0
0
0
0
0
0
0
0
0
0
0
0
0
0
0
~

uspell_359~
~
0
~
0
2
-1
-1
-1
-1
-1
-1
-1
-1
-1
-1
-1
-1
-1
-1
-1
-1
-1
-1
-1
-2
0
0
0
0
0
0
0
0
0
0
0
0
0
0
0
0
0
0
~

uspell_360~
~
0
~
0
2
-1
-1
-1
-1
-1
-1
-1
-1
-1
-1
-1
-1
-1
-1
-1
-1
-1
-1
-1
-2
0
0
0
0
0
0
0
0
0
0
0
0
0
0
0
0
0
0
~

uspell_361~
~
0
~
0
2
-1
-1
-1
-1
-1
-1
-1
-1
-1
-1
-1
-1
-1
-1
-1
-1
-1
-1
-1
-2
0
0
0
0
0
0
0
0
0
0
0
0
0
0
0
0
0
0
~

uspell_362~
~
0
~
0
2
-1
-1
-1
-1
-1
-1
-1
-1
-1
-1
-1
-1
-1
-1
-1
-1
-1
-1
-1
-2
0
0
0
0
0
0
0
0
0
0
0
0
0
0
0
0
0
0
~

uspell_363~
~
0
~
0
2
-1
-1
-1
-1
-1
-1
-1
-1
-1
-1
-1
-1
-1
-1
-1
-1
-1
-1
-1
-2
0
0
0
0
0
0
0
0
0
0
0
0
0
0
0
0
0
0
~

uspell_364~
~
0
~
0
2
-1
-1
-1
-1
-1
-1
-1
-1
-1
-1
-1
-1
-1
-1
-1
-1
-1
-1
-1
-2
0
0
0
0
0
0
0
0
0
0
0
0
0
0
0
0
0
0
~

uspell_365~
~
0
~
0
2
-1
-1
-1
-1
-1
-1
-1
-1
-1
-1
-1
-1
-1
-1
-1
-1
-1
-1
-1
-2
0
0
0
0
0
0
0
0
0
0
0
0
0
0
0
0
0
0
~

uspell_366~
~
0
~
0
2
-1
-1
-1
-1
-1
-1
-1
-1
-1
-1
-1
-1
-1
-1
-1
-1
-1
-1
-1
-2
0
0
0
0
0
0
0
0
0
0
0
0
0
0
0
0
0
0
~

uspell_367~
~
0
~
0
2
-1
-1
-1
-1
-1
-1
-1
-1
-1
-1
-1
-1
-1
-1
-1
-1
-1
-1
-1
-2
0
0
0
0
0
0
0
0
0
0
0
0
0
0
0
0
0
0
~

uspell_368~
~
0
~
0
2
-1
-1
-1
-1
-1
-1
-1
-1
-1
-1
-1
-1
-1
-1
-1
-1
-1
-1
-1
-2
0
0
0
0
0
0
0
0
0
0
0
0
0
0
0
0
0
0
~

uspell_369~
~
0
~
0
2
-1
-1
-1
-1
-1
-1
-1
-1
-1
-1
-1
-1
-1
-1
-1
-1
-1
-1
-1
-2
0
0
0
0
0
0
0
0
0
0
0
0
0
0
0
0
0
0
~

uspell_370~
~
0
~
0
2
-1
-1
-1
-1
-1
-1
-1
-1
-1
-1
-1
-1
-1
-1
-1
-1
-1
-1
-1
-2
0
0
0
0
0
0
0
0
0
0
0
0
0
0
0
0
0
0
~

uspell_371~
~
0
~
0
2
-1
-1
-1
-1
-1
-1
-1
-1
-1
-1
-1
-1
-1
-1
-1
-1
-1
-1
-1
-2
0
0
0
0
0
0
0
0
0
0
0
0
0
0
0
0
0
0
~

uspell_372~
~
0
~
0
2
-1
-1
-1
-1
-1
-1
-1
-1
-1
-1
-1
-1
-1
-1
-1
-1
-1
-1
-1
-2
0
0
0
0
0
0
0
0
0
0
0
0
0
0
0
0
0
0
~

uspell_373~
~
0
~
0
2
-1
-1
-1
-1
-1
-1
-1
-1
-1
-1
-1
-1
-1
-1
-1
-1
-1
-1
-1
-2
0
0
0
0
0
0
0
0
0
0
0
0
0
0
0
0
0
0
~

uspell_374~
~
0
~
0
2
-1
-1
-1
-1
-1
-1
-1
-1
-1
-1
-1
-1
-1
-1
-1
-1
-1
-1
-1
-2
0
0
0
0
0
0
0
0
0
0
0
0
0
0
0
0
0
0
~

uspell_375~
~
0
~
0
2
-1
-1
-1
-1
-1
-1
-1
-1
-1
-1
-1
-1
-1
-1
-1
-1
-1
-1
-1
-2
0
0
0
0
0
0
0
0
0
0
0
0
0
0
0
0
0
0
~

uspell_376~
~
0
~
0
2
-1
-1
-1
-1
-1
-1
-1
-1
-1
-1
-1
-1
-1
-1
-1
-1
-1
-1
-1
-2
0
0
0
0
0
0
0
0
0
0
0
0
0
0
0
0
0
0
~

uspell_377~
~
0
~
0
2
-1
-1
-1
-1
-1
-1
-1
-1
-1
-1
-1
-1
-1
-1
-1
-1
-1
-1
-1
-2
0
0
0
0
0
0
0
0
0
0
0
0
0
0
0
0
0
0
~

uspell_378~
~
0
~
0
2
-1
-1
-1
-1
-1
-1
-1
-1
-1
-1
-1
-1
-1
-1
-1
-1
-1
-1
-1
-2
0
0
0
0
0
0
0
0
0
0
0
0
0
0
0
0
0
0
~

uspell_379~
~
0
~
0
2
-1
-1
-1
-1
-1
-1
-1
-1
-1
-1
-1
-1
-1
-1
-1
-1
-1
-1
-1
-2
0
0
0
0
0
0
0
0
0
0
0
0
0
0
0
0
0
0
~

uspell_380~
~
0
~
0
2
-1
-1
-1
-1
-1
-1
-1
-1
-1
-1
-1
-1
-1
-1
-1
-1
-1
-1
-1
-2
0
0
0
0
0
0
0
0
0
0
0
0
0
0
0
0
0
0
~

uspell_381~
~
0
~
0
2
-1
-1
-1
-1
-1
-1
-1
-1
-1
-1
-1
-1
-1
-1
-1
-1
-1
-1
-1
-2
0
0
0
0
0
0
0
0
0
0
0
0
0
0
0
0
0
0
~

uspell_382~
~
0
~
0
2
-1
-1
-1
-1
-1
-1
-1
-1
-1
-1
-1
-1
-1
-1
-1
-1
-1
-1
-1
-2
0
0
0
0
0
0
0
0
0
0
0
0
0
0
0
0
0
0
~

uspell_383~
~
0
~
0
2
-1
-1
-1
-1
-1
-1
-1
-1
-1
-1
-1
-1
-1
-1
-1
-1
-1
-1
-1
-2
0
0
0
0
0
0
0
0
0
0
0
0
0
0
0
0
0
0
~

uspell_384~
~
0
~
0
2
-1
-1
-1
-1
-1
-1
-1
-1
-1
-1
-1
-1
-1
-1
-1
-1
-1
-1
-1
-2
0
0
0
0
0
0
0
0
0
0
0
0
0
0
0
0
0
0
~

uspell_385~
~
0
~
0
2
-1
-1
-1
-1
-1
-1
-1
-1
-1
-1
-1
-1
-1
-1
-1
-1
-1
-1
-1
-2
0
0
0
0
0
0
0
0
0
0
0
0
0
0
0
0
0
0
~

uspell_386~
~
0
~
0
2
-1
-1
-1
-1
-1
-1
-1
-1
-1
-1
-1
-1
-1
-1
-1
-1
-1
-1
-1
-2
0
0
0
0
0
0
0
0
0
0
0
0
0
0
0
0
0
0
~

uspell_387~
~
0
~
0
2
-1
-1
-1
-1
-1
-1
-1
-1
-1
-1
-1
-1
-1
-1
-1
-1
-1
-1
-1
-2
0
0
0
0
0
0
0
0
0
0
0
0
0
0
0
0
0
0
~

uspell_388~
~
0
~
0
2
-1
-1
-1
-1
-1
-1
-1
-1
-1
-1
-1
-1
-1
-1
-1
-1
-1
-1
-1
-2
0
0
0
0
0
0
0
0
0
0
0
0
0
0
0
0
0
0
~

uspell_389~
~
0
~
0
2
-1
-1
-1
-1
-1
-1
-1
-1
-1
-1
-1
-1
-1
-1
-1
-1
-1
-1
-1
-2
0
0
0
0
0
0
0
0
0
0
0
0
0
0
0
0
0
0
~

uspell_390~
~
0
~
0
2
-1
-1
-1
-1
-1
-1
-1
-1
-1
-1
-1
-1
-1
-1
-1
-1
-1
-1
-1
-2
0
0
0
0
0
0
0
0
0
0
0
0
0
0
0
0
0
0
~

uspell_391~
~
0
~
0
2
-1
-1
-1
-1
-1
-1
-1
-1
-1
-1
-1
-1
-1
-1
-1
-1
-1
-1
-1
-2
0
0
0
0
0
0
0
0
0
0
0
0
0
0
0
0
0
0
~

uspell_392~
~
0
~
0
2
-1
-1
-1
-1
-1
-1
-1
-1
-1
-1
-1
-1
-1
-1
-1
-1
-1
-1
-1
-2
0
0
0
0
0
0
0
0
0
0
0
0
0
0
0
0
0
0
~

uspell_393~
~
0
~
0
2
-1
-1
-1
-1
-1
-1
-1
-1
-1
-1
-1
-1
-1
-1
-1
-1
-1
-1
-1
-2
0
0
0
0
0
0
0
0
0
0
0
0
0
0
0
0
0
0
~

uspell_394~
~
0
~
0
2
-1
-1
-1
-1
-1
-1
-1
-1
-1
-1
-1
-1
-1
-1
-1
-1
-1
-1
-1
-2
0
0
0
0
0
0
0
0
0
0
0
0
0
0
0
0
0
0
~

uspell_395~
~
0
~
0
2
-1
-1
-1
-1
-1
-1
-1
-1
-1
-1
-1
-1
-1
-1
-1
-1
-1
-1
-1
-2
0
0
0
0
0
0
0
0
0
0
0
0
0
0
0
0
0
0
~

uspell_396~
~
0
~
0
2
-1
-1
-1
-1
-1
-1
-1
-1
-1
-1
-1
-1
-1
-1
-1
-1
-1
-1
-1
-2
0
0
0
0
0
0
0
0
0
0
0
0
0
0
0
0
0
0
~

uspell_397~
~
0
~
0
2
-1
-1
-1
-1
-1
-1
-1
-1
-1
-1
-1
-1
-1
-1
-1
-1
-1
-1
-1
-2
0
0
0
0
0
0
0
0
0
0
0
0
0
0
0
0
0
0
~

uspell_398~
~
0
~
0
2
-1
-1
-1
-1
-1
-1
-1
-1
-1
-1
-1
-1
-1
-1
-1
-1
-1
-1
-1
-2
0
0
0
0
0
0
0
0
0
0
0
0
0
0
0
0
0
0
~

uspell_399~
~
0
~
0
2
-1
-1
-1
-1
-1
-1
-1
-1
-1
-1
-1
-1
-1
-1
-1
-1
-1
-1
-1
-2
0
0
0
0
0
0
0
0
0
0
0
0
0
0
0
0
0
0
~

cooking~
~
5
~
5
4
3
3
3
3
3
3
3
3
3
3
1
1
1
1
1
1
1
1
1
1
0
0
0
0
0
0
0
0
0
0
0
0
0
0
0
0
0
0
~

leatherworking~
~
5
~
5
4
3
3
3
3
3
3
3
3
3
3
1
1
1
1
1
1
1
1
1
1
1
0
0
0
0
0
0
0
0
0
0
0
0
0
0
0
0
0
~

metallurgy~
~
5
~
5
4
3
3
3
3
3
3
3
3
3
-1
1
1
1
1
1
1
1
1
1
-2
2
0
0
0
0
0
0
0
0
0
0
0
0
0
0
0
0
0
~

woodworking~
~
5
~
5
4
3
3
3
3
3
2
3
3
3
3
1
1
1
1
1
1
1
1
1
1
3
0
0
0
0
0
0
0
0
0
0
0
0
0
0
0
0
0
~

concoct~
~
0
~
0
4
-1
-1
-1
-1
-1
-1
-1
-1
-1
10
-1
-1
-1
-1
-1
-1
-1
-1
-1
3
0
4
0
0
0
0
0
0
0
0
0
0
0
0
0
0
0
0
~

harvest~
~
0
~
0
4
6
6
6
8
6
4
6
6
6
3
3
3
3
3
3
3
3
3
3
3
0
4
0
0
0
0
0
0
0
0
0
0
0
0
0
0
0
0
20-3*L/2~

poison~
~
0
~
0
4
-1
-1
9
-1
-1
-1
-1
-1
-1
-1
-1
-1
5
-1
-1
-1
-1
-1
-1
-2
0
4
0
1
0
0
0
0
0
0
0
0
0
0
0
0
0
0
~

utrade_07~
~
0
~
0
4
-1
-1
-1
-1
-1
-1
-1
-1
-1
-1
-1
-1
-1
-1
-1
-1
-1
-1
-1
-2
0
0
0
0
0
0
0
0
0
0
0
0
0
0
0
0
0
0
~

utrade_08~
~
0
~
0
4
-1
-1
-1
-1
-1
-1
-1
-1
-1
-1
-1
-1
-1
-1
-1
-1
-1
-1
-1
-2
0
0
0
0
0
0
0
0
0
0
0
0
0
0
0
0
0
0
~

utrade_09~
~
0
~
0
4
-1
-1
-1
-1
-1
-1
-1
-1
-1
-1
-1
-1
-1
-1
-1
-1
-1
-1
-1
-2
0
0
0
0
0
0
0
0
0
0
0
0
0
0
0
0
0
0
~

utrade_10~
~
0
~
0
4
-1
-1
-1
-1
-1
-1
-1
-1
-1
-1
-1
-1
-1
-1
-1
-1
-1
-1
-1
-2
0
0
0
0
0
0
0
0
0
0
0
0
0
0
0
0
0
0
~

utrade_11~
~
0
~
0
4
-1
-1
-1
-1
-1
-1
-1
-1
-1
-1
-1
-1
-1
-1
-1
-1
-1
-1
-1
-2
0
0
0
0
0
0
0
0
0
0
0
0
0
0
0
0
0
0
~

utrade_12~
~
0
~
0
4
-1
-1
-1
-1
-1
-1
-1
-1
-1
-1
-1
-1
-1
-1
-1
-1
-1
-1
-1
-2
0
0
0
0
0
0
0
0
0
0
0
0
0
0
0
0
0
0
~

utrade_13~
~
0
~
0
4
-1
-1
-1
-1
-1
-1
-1
-1
-1
-1
-1
-1
-1
-1
-1
-1
-1
-1
-1
-2
0
0
0
0
0
0
0
0
0
0
0
0
0
0
0
0
0
0
~

utrade_14~
~
0
~
0
4
-1
-1
-1
-1
-1
-1
-1
-1
-1
-1
-1
-1
-1
-1
-1
-1
-1
-1
-1
-2
0
0
0
0
0
0
0
0
0
0
0
0
0
0
0
0
0
0
~

utrade_15~
~
0
~
0
4
-1
-1
-1
-1
-1
-1
-1
-1
-1
-1
-1
-1
-1
-1
-1
-1
-1
-1
-1
-2
0
0
0
0
0
0
0
0
0
0
0
0
0
0
0
0
0
0
~

utrade_16~
~
0
~
0
4
-1
-1
-1
-1
-1
-1
-1
-1
-1
-1
-1
-1
-1
-1
-1
-1
-1
-1
-1
-2
0
0
0
0
0
0
0
0
0
0
0
0
0
0
0
0
0
0
~

utrade_17~
~
0
~
0
4
-1
-1
-1
-1
-1
-1
-1
-1
-1
-1
-1
-1
-1
-1
-1
-1
-1
-1
-1
-2
0
0
0
0
0
0
0
0
0
0
0
0
0
0
0
0
0
0
~

utrade_18~
~
0
~
0
4
-1
-1
-1
-1
-1
-1
-1
-1
-1
-1
-1
-1
-1
-1
-1
-1
-1
-1
-1
-2
0
0
0
0
0
0
0
0
0
0
0
0
0
0
0
0
0
0
~

utrade_19~
~
0
~
0
4
-1
-1
-1
-1
-1
-1
-1
-1
-1
-1
-1
-1
-1
-1
-1
-1
-1
-1
-1
-2
0
0
0
0
0
0
0
0
0
0
0
0
0
0
0
0
0
0
~

utrade_20~
~
0
~
0
4
-1
-1
-1
-1
-1
-1
-1
-1
-1
-1
-1
-1
-1
-1
-1
-1
-1
-1
-1
-2
0
0
0
0
0
0
0
0
0
0
0
0
0
0
0
0
0
0
~

utrade_21~
~
0
~
0
4
-1
-1
-1
-1
-1
-1
-1
-1
-1
-1
-1
-1
-1
-1
-1
-1
-1
-1
-1
-2
0
0
0
0
0
0
0
0
0
0
0
0
0
0
0
0
0
0
~

utrade_22~
~
0
~
0
4
-1
-1
-1
-1
-1
-1
-1
-1
-1
-1
-1
-1
-1
-1
-1
-1
-1
-1
-1
-2
0
0
0
0
0
0
0
0
0
0
0
0
0
0
0
0
0
0
~

utrade_23~
~
0
~
0
4
-1
-1
-1
-1
-1
-1
-1
-1
-1
-1
-1
-1
-1
-1
-1
-1
-1
-1
-1
-2
0
0
0
0
0
0
0
0
0
0
0
0
0
0
0
0
0
0
~

utrade_24~
~
0
~
0
4
-1
-1
-1
-1
-1
-1
-1
-1
-1
-1
-1
-1
-1
-1
-1
-1
-1
-1
-1
-2
0
0
0
0
0
0
0
0
0
0
0
0
0
0
0
0
0
0
~

utrade_25~
~
0
~
0
4
-1
-1
-1
-1
-1
-1
-1
-1
-1
-1
-1
-1
-1
-1
-1
-1
-1
-1
-1
-2
0
0
0
0
0
0
0
0
0
0
0
0
0
0
0
0
0
0
~

utrade_26~
~
0
~
0
4
-1
-1
-1
-1
-1
-1
-1
-1
-1
-1
-1
-1
-1
-1
-1
-1
-1
-1
-1
-2
0
0
0
0
0
0
0
0
0
0
0
0
0
0
0
0
0
0
~

utrade_27~
~
0
~
0
4
-1
-1
-1
-1
-1
-1
-1
-1
-1
-1
-1
-1
-1
-1
-1
-1
-1
-1
-1
-2
0
0
0
0
0
0
0
0
0
0
0
0
0
0
0
0
0
0
~

utrade_28~
~
0
~
0
4
-1
-1
-1
-1
-1
-1
-1
-1
-1
-1
-1
-1
-1
-1
-1
-1
-1
-1
-1
-2
0
0
0
0
0
0
0
0
0
0
0
0
0
0
0
0
0
0
~

utrade_29~
~
0
~
0
4
-1
-1
-1
-1
-1
-1
-1
-1
-1
-1
-1
-1
-1
-1
-1
-1
-1
-1
-1
-2
0
0
0
0
0
0
0
0
0
0
0
0
0
0
0
0
0
0
~

utrade_30~
~
0
~
0
4
-1
-1
-1
-1
-1
-1
-1
-1
-1
-1
-1
-1
-1
-1
-1
-1
-1
-1
-1
-2
0
0
0
0
0
0
0
0
0
0
0
0
0
0
0
0
0
0
~

utrade_31~
~
0
~
0
4
-1
-1
-1
-1
-1
-1
-1
-1
-1
-1
-1
-1
-1
-1
-1
-1
-1
-1
-1
-2
0
0
0
0
0
0
0
0
0
0
0
0
0
0
0
0
0
0
~

utrade_32~
~
0
~
0
4
-1
-1
-1
-1
-1
-1
-1
-1
-1
-1
-1
-1
-1
-1
-1
-1
-1
-1
-1
-2
0
0
0
0
0
0
0
0
0
0
0
0
0
0
0
0
0
0
~

utrade_33~
~
0
~
0
4
-1
-1
-1
-1
-1
-1
-1
-1
-1
-1
-1
-1
-1
-1
-1
-1
-1
-1
-1
-2
0
0
0
0
0
0
0
0
0
0
0
0
0
0
0
0
0
0
~

utrade_34~
~
0
~
0
4
-1
-1
-1
-1
-1
-1
-1
-1
-1
-1
-1
-1
-1
-1
-1
-1
-1
-1
-1
-2
0
0
0
0
0
0
0
0
0
0
0
0
0
0
0
0
0
0
~

utrade_35~
~
0
~
0
4
-1
-1
-1
-1
-1
-1
-1
-1
-1
-1
-1
-1
-1
-1
-1
-1
-1
-1
-1
-2
0
0
0
0
0
0
0
0
0
0
0
0
0
0
0
0
0
0
~

utrade_36~
~
0
~
0
4
-1
-1
-1
-1
-1
-1
-1
-1
-1
-1
-1
-1
-1
-1
-1
-1
-1
-1
-1
-2
0
0
0
0
0
0
0
0
0
0
0
0
0
0
0
0
0
0
~

utrade_37~
~
0
~
0
4
-1
-1
-1
-1
-1
-1
-1
-1
-1
-1
-1
-1
-1
-1
-1
-1
-1
-1
-1
-2
0
0
0
0
0
0
0
0
0
0
0
0
0
0
0
0
0
0
~

utrade_38~
~
0
~
0
4
-1
-1
-1
-1
-1
-1
-1
-1
-1
-1
-1
-1
-1
-1
-1
-1
-1
-1
-1
-2
0
0
0
0
0
0
0
0
0
0
0
0
0
0
0
0
0
0
~

utrade_39~
~
0
~
0
4
-1
-1
-1
-1
-1
-1
-1
-1
-1
-1
-1
-1
-1
-1
-1
-1
-1
-1
-1
-2
0
0
0
0
0
0
0
0
0
0
0
0
0
0
0
0
0
0
~

utrade_40~
~
0
~
0
4
-1
-1
-1
-1
-1
-1
-1
-1
-1
-1
-1
-1
-1
-1
-1
-1
-1
-1
-1
-2
0
0
0
0
0
0
0
0
0
0
0
0
0
0
0
0
0
0
~

utrade_41~
~
0
~
0
4
-1
-1
-1
-1
-1
-1
-1
-1
-1
-1
-1
-1
-1
-1
-1
-1
-1
-1
-1
-2
0
0
0
0
0
0
0
0
0
0
0
0
0
0
0
0
0
0
~

utrade_42~
~
0
~
0
4
-1
-1
-1
-1
-1
-1
-1
-1
-1
-1
-1
-1
-1
-1
-1
-1
-1
-1
-1
-2
0
0
0
0
0
0
0
0
0
0
0
0
0
0
0
0
0
0
~

utrade_43~
~
0
~
0
4
-1
-1
-1
-1
-1
-1
-1
-1
-1
-1
-1
-1
-1
-1
-1
-1
-1
-1
-1
-2
0
0
0
0
0
0
0
0
0
0
0
0
0
0
0
0
0
0
~

utrade_44~
~
0
~
0
4
-1
-1
-1
-1
-1
-1
-1
-1
-1
-1
-1
-1
-1
-1
-1
-1
-1
-1
-1
-2
0
0
0
0
0
0
0
0
0
0
0
0
0
0
0
0
0
0
~

utrade_45~
~
0
~
0
4
-1
-1
-1
-1
-1
-1
-1
-1
-1
-1
-1
-1
-1
-1
-1
-1
-1
-1
-1
-2
0
0
0
0
0
0
0
0
0
0
0
0
0
0
0
0
0
0
~

utrade_46~
~
0
~
0
4
-1
-1
-1
-1
-1
-1
-1
-1
-1
-1
-1
-1
-1
-1
-1
-1
-1
-1
-1
-2
0
0
0
0
0
0
0
0
0
0
0
0
0
0
0
0
0
0
~

utrade_47~
~
0
~
0
4
-1
-1
-1
-1
-1
-1
-1
-1
-1
-1
-1
-1
-1
-1
-1
-1
-1
-1
-1
-2
0
0
0
0
0
0
0
0
0
0
0
0
0
0
0
0
0
0
~

utrade_48~
~
0
~
0
4
-1
-1
-1
-1
-1
-1
-1
-1
-1
-1
-1
-1
-1
-1
-1
-1
-1
-1
-1
-2
0
0
0
0
0
0
0
0
0
0
0
0
0
0
0
0
0
0
~

utrade_49~
~
0
~
0
4
-1
-1
-1
-1
-1
-1
-1
-1
-1
-1
-1
-1
-1
-1
-1
-1
-1
-1
-1
-2
0
0
0
0
0
0
0
0
0
0
0
0
0
0
0
0
0
0
~

utrade_50~
~
0
~
0
4
-1
-1
-1
-1
-1
-1
-1
-1
-1
-1
-1
-1
-1
-1
-1
-1
-1
-1
-1
-2
0
0
0
0
0
0
0
0
0
0
0
0
0
0
0
0
0
0
~

utrade_51~
~
0
~
0
4
-1
-1
-1
-1
-1
-1
-1
-1
-1
-1
-1
-1
-1
-1
-1
-1
-1
-1
-1
-2
0
0
0
0
0
0
0
0
0
0
0
0
0
0
0
0
0
0
~

utrade_52~
~
0
~
0
4
-1
-1
-1
-1
-1
-1
-1
-1
-1
-1
-1
-1
-1
-1
-1
-1
-1
-1
-1
-2
0
0
0
0
0
0
0
0
0
0
0
0
0
0
0
0
0
0
~

utrade_53~
~
0
~
0
4
-1
-1
-1
-1
-1
-1
-1
-1
-1
-1
-1
-1
-1
-1
-1
-1
-1
-1
-1
-2
0
0
0
0
0
0
0
0
0
0
0
0
0
0
0
0
0
0
~

utrade_54~
~
0
~
0
4
-1
-1
-1
-1
-1
-1
-1
-1
-1
-1
-1
-1
-1
-1
-1
-1
-1
-1
-1
-2
0
0
0
0
0
0
0
0
0
0
0
0
0
0
0
0
0
0
~

utrade_55~
~
0
~
0
4
-1
-1
-1
-1
-1
-1
-1
-1
-1
-1
-1
-1
-1
-1
-1
-1
-1
-1
-1
-2
0
0
0
0
0
0
0
0
0
0
0
0
0
0
0
0
0
0
~

utrade_56~
~
0
~
0
4
-1
-1
-1
-1
-1
-1
-1
-1
-1
-1
-1
-1
-1
-1
-1
-1
-1
-1
-1
-2
0
0
0
0
0
0
0
0
0
0
0
0
0
0
0
0
0
0
~

utrade_57~
~
0
~
0
4
-1
-1
-1
-1
-1
-1
-1
-1
-1
-1
-1
-1
-1
-1
-1
-1
-1
-1
-1
-2
0
0
0
0
0
0
0
0
0
0
0
0
0
0
0
0
0
0
~

utrade_58~
~
0
~
0
4
-1
-1
-1
-1
-1
-1
-1
-1
-1
-1
-1
-1
-1
-1
-1
-1
-1
-1
-1
-2
0
0
0
0
0
0
0
0
0
0
0
0
0
0
0
0
0
0
~

utrade_59~
~
0
~
0
4
-1
-1
-1
-1
-1
-1
-1
-1
-1
-1
-1
-1
-1
-1
-1
-1
-1
-1
-1
-2
0
0
0
0
0
0
0
0
0
0
0
0
0
0
0
0
0
0
~

utrade_60~
~
0
~
0
4
-1
-1
-1
-1
-1
-1
-1
-1
-1
-1
-1
-1
-1
-1
-1
-1
-1
-1
-1
-2
0
0
0
0
0
0
0
0
0
0
0
0
0
0
0
0
0
0
~

utrade_61~
~
0
~
0
4
-1
-1
-1
-1
-1
-1
-1
-1
-1
-1
-1
-1
-1
-1
-1
-1
-1
-1
-1
-2
0
0
0
0
0
0
0
0
0
0
0
0
0
0
0
0
0
0
~

utrade_62~
~
0
~
0
4
-1
-1
-1
-1
-1
-1
-1
-1
-1
-1
-1
-1
-1
-1
-1
-1
-1
-1
-1
-2
0
0
0
0
0
0
0
0
0
0
0
0
0
0
0
0
0
0
~

utrade_63~
~
0
~
0
4
-1
-1
-1
-1
-1
-1
-1
-1
-1
-1
-1
-1
-1
-1
-1
-1
-1
-1
-1
-2
0
0
0
0
0
0
0
0
0
0
0
0
0
0
0
0
0
0
~

utrade_64~
~
0
~
0
4
-1
-1
-1
-1
-1
-1
-1
-1
-1
-1
-1
-1
-1
-1
-1
-1
-1
-1
-1
-2
0
0
0
0
0
0
0
0
0
0
0
0
0
0
0
0
0
0
~

utrade_65~
~
0
~
0
4
-1
-1
-1
-1
-1
-1
-1
-1
-1
-1
-1
-1
-1
-1
-1
-1
-1
-1
-1
-2
0
0
0
0
0
0
0
0
0
0
0
0
0
0
0
0
0
0
~

utrade_66~
~
0
~
0
4
-1
-1
-1
-1
-1
-1
-1
-1
-1
-1
-1
-1
-1
-1
-1
-1
-1
-1
-1
-2
0
0
0
0
0
0
0
0
0
0
0
0
0
0
0
0
0
0
~

utrade_67~
~
0
~
0
4
-1
-1
-1
-1
-1
-1
-1
-1
-1
-1
-1
-1
-1
-1
-1
-1
-1
-1
-1
-2
0
0
0
0
0
0
0
0
0
0
0
0
0
0
0
0
0
0
~

utrade_68~
~
0
~
0
4
-1
-1
-1
-1
-1
-1
-1
-1
-1
-1
-1
-1
-1
-1
-1
-1
-1
-1
-1
-2
0
0
0
0
0
0
0
0
0
0
0
0
0
0
0
0
0
0
~

utrade_69~
~
0
~
0
4
-1
-1
-1
-1
-1
-1
-1
-1
-1
-1
-1
-1
-1
-1
-1
-1
-1
-1
-1
-2
0
0
0
0
0
0
0
0
0
0
0
0
0
0
0
0
0
0
~

utrade_70~
~
0
~
0
4
-1
-1
-1
-1
-1
-1
-1
-1
-1
-1
-1
-1
-1
-1
-1
-1
-1
-1
-1
-2
0
0
0
0
0
0
0
0
0
0
0
0
0
0
0
0
0
0
~

utrade_71~
~
0
~
0
4
-1
-1
-1
-1
-1
-1
-1
-1
-1
-1
-1
-1
-1
-1
-1
-1
-1
-1
-1
-2
0
0
0
0
0
0
0
0
0
0
0
0
0
0
0
0
0
0
~

utrade_72~
~
0
~
0
4
-1
-1
-1
-1
-1
-1
-1
-1
-1
-1
-1
-1
-1
-1
-1
-1
-1
-1
-1
-2
0
0
0
0
0
0
0
0
0
0
0
0
0
0
0
0
0
0
~

utrade_73~
~
0
~
0
4
-1
-1
-1
-1
-1
-1
-1
-1
-1
-1
-1
-1
-1
-1
-1
-1
-1
-1
-1
-2
0
0
0
0
0
0
0
0
0
0
0
0
0
0
0
0
0
0
~

utrade_74~
~
0
~
0
4
-1
-1
-1
-1
-1
-1
-1
-1
-1
-1
-1
-1
-1
-1
-1
-1
-1
-1
-1
-2
0
0
0
0
0
0
0
0
0
0
0
0
0
0
0
0
0
0
~

utrade_75~
~
0
~
0
4
-1
-1
-1
-1
-1
-1
-1
-1
-1
-1
-1
-1
-1
-1
-1
-1
-1
-1
-1
-2
0
0
0
0
0
0
0
0
0
0
0
0
0
0
0
0
0
0
~

utrade_76~
~
0
~
0
4
-1
-1
-1
-1
-1
-1
-1
-1
-1
-1
-1
-1
-1
-1
-1
-1
-1
-1
-1
-2
0
0
0
0
0
0
0
0
0
0
0
0
0
0
0
0
0
0
~

utrade_77~
~
0
~
0
4
-1
-1
-1
-1
-1
-1
-1
-1
-1
-1
-1
-1
-1
-1
-1
-1
-1
-1
-1
-2
0
0
0
0
0
0
0
0
0
0
0
0
0
0
0
0
0
0
~

utrade_78~
~
0
~
0
4
-1
-1
-1
-1
-1
-1
-1
-1
-1
-1
-1
-1
-1
-1
-1
-1
-1
-1
-1
-2
0
0
0
0
0
0
0
0
0
0
0
0
0
0
0
0
0
0
~

utrade_79~
~
0
~
0
4
-1
-1
-1
-1
-1
-1
-1
-1
-1
-1
-1
-1
-1
-1
-1
-1
-1
-1
-1
-2
0
0
0
0
0
0
0
0
0
0
0
0
0
0
0
0
0
0
~

utrade_80~
~
0
~
0
4
-1
-1
-1
-1
-1
-1
-1
-1
-1
-1
-1
-1
-1
-1
-1
-1
-1
-1
-1
-2
0
0
0
0
0
0
0
0
0
0
0
0
0
0
0
0
0
0
~

utrade_81~
~
0
~
0
4
-1
-1
-1
-1
-1
-1
-1
-1
-1
-1
-1
-1
-1
-1
-1
-1
-1
-1
-1
-2
0
0
0
0
0
0
0
0
0
0
0
0
0
0
0
0
0
0
~

utrade_82~
~
0
~
0
4
-1
-1
-1
-1
-1
-1
-1
-1
-1
-1
-1
-1
-1
-1
-1
-1
-1
-1
-1
-2
0
0
0
0
0
0
0
0
0
0
0
0
0
0
0
0
0
0
~

utrade_83~
~
0
~
0
4
-1
-1
-1
-1
-1
-1
-1
-1
-1
-1
-1
-1
-1
-1
-1
-1
-1
-1
-1
-2
0
0
0
0
0
0
0
0
0
0
0
0
0
0
0
0
0
0
~

utrade_84~
~
0
~
0
4
-1
-1
-1
-1
-1
-1
-1
-1
-1
-1
-1
-1
-1
-1
-1
-1
-1
-1
-1
-2
0
0
0
0
0
0
0
0
0
0
0
0
0
0
0
0
0
0
~

utrade_85~
~
0
~
0
4
-1
-1
-1
-1
-1
-1
-1
-1
-1
-1
-1
-1
-1
-1
-1
-1
-1
-1
-1
-2
0
0
0
0
0
0
0
0
0
0
0
0
0
0
0
0
0
0
~

utrade_86~
~
0
~
0
4
-1
-1
-1
-1
-1
-1
-1
-1
-1
-1
-1
-1
-1
-1
-1
-1
-1
-1
-1
-2
0
0
0
0
0
0
0
0
0
0
0
0
0
0
0
0
0
0
~

utrade_87~
~
0
~
0
4
-1
-1
-1
-1
-1
-1
-1
-1
-1
-1
-1
-1
-1
-1
-1
-1
-1
-1
-1
-2
0
0
0
0
0
0
0
0
0
0
0
0
0
0
0
0
0
0
~

utrade_88~
~
0
~
0
4
-1
-1
-1
-1
-1
-1
-1
-1
-1
-1
-1
-1
-1
-1
-1
-1
-1
-1
-1
-2
0
0
0
0
0
0
0
0
0
0
0
0
0
0
0
0
0
0
~

utrade_89~
~
0
~
0
4
-1
-1
-1
-1
-1
-1
-1
-1
-1
-1
-1
-1
-1
-1
-1
-1
-1
-1
-1
-2
0
0
0
0
0
0
0
0
0
0
0
0
0
0
0
0
0
0
~

utrade_90~
~
0
~
0
4
-1
-1
-1
-1
-1
-1
-1
-1
-1
-1
-1
-1
-1
-1
-1
-1
-1
-1
-1
-2
0
0
0
0
0
0
0
0
0
0
0
0
0
0
0
0
0
0
~

utrade_91~
~
0
~
0
4
-1
-1
-1
-1
-1
-1
-1
-1
-1
-1
-1
-1
-1
-1
-1
-1
-1
-1
-1
-2
0
0
0
0
0
0
0
0
0
0
0
0
0
0
0
0
0
0
~

utrade_92~
~
0
~
0
4
-1
-1
-1
-1
-1
-1
-1
-1
-1
-1
-1
-1
-1
-1
-1
-1
-1
-1
-1
-2
0
0
0
0
0
0
0
0
0
0
0
0
0
0
0
0
0
0
~

utrade_93~
~
0
~
0
4
-1
-1
-1
-1
-1
-1
-1
-1
-1
-1
-1
-1
-1
-1
-1
-1
-1
-1
-1
-2
0
0
0
0
0
0
0
0
0
0
0
0
0
0
0
0
0
0
~

utrade_94~
~
0
~
0
4
-1
-1
-1
-1
-1
-1
-1
-1
-1
-1
-1
-1
-1
-1
-1
-1
-1
-1
-1
-2
0
0
0
0
0
0
0
0
0
0
0
0
0
0
0
0
0
0
~

utrade_95~
~
0
~
0
4
-1
-1
-1
-1
-1
-1
-1
-1
-1
-1
-1
-1
-1
-1
-1
-1
-1
-1
-1
-2
0
0
0
0
0
0
0
0
0
0
0
0
0
0
0
0
0
0
~

utrade_96~
~
0
~
0
4
-1
-1
-1
-1
-1
-1
-1
-1
-1
-1
-1
-1
-1
-1
-1
-1
-1
-1
-1
-2
0
0
0
0
0
0
0
0
0
0
0
0
0
0
0
0
0
0
~

utrade_97~
~
0
~
0
4
-1
-1
-1
-1
-1
-1
-1
-1
-1
-1
-1
-1
-1
-1
-1
-1
-1
-1
-1
-2
0
0
0
0
0
0
0
0
0
0
0
0
0
0
0
0
0
0
~

utrade_98~
~
0
~
0
4
-1
-1
-1
-1
-1
-1
-1
-1
-1
-1
-1
-1
-1
-1
-1
-1
-1
-1
-1
-2
0
0
0
0
0
0
0
0
0
0
0
0
0
0
0
0
0
0
~

utrade_99~
~
0
~
0
4
-1
-1
-1
-1
-1
-1
-1
-1
-1
-1
-1
-1
-1
-1
-1
-1
-1
-1
-1
-2
0
0
0
0
0
0
0
0
0
0
0
0
0
0
0
0
0
0
~

unarmed~
~
0
~
0
0
3
3
2
2
2
2
2
2
3
4
1
1
1
1
1
1
1
1
1
1
0
15
0
0
0
0
0
0
0
0
0
0
0
0
0
0
0
0
~

dagger~
~
0
~
0
0
2
-1
1
1
1
1
-1
1
1
-1
1
-2
1
1
1
1
-2
1
1
-2
1
15
0
0
0
0
0
0
0
0
0
0
0
0
0
0
0
0
~

sword~
dagger~
5
~
5
0
-1
-1
4
3
3
3
-1
3
-1
-1
-2
-2
1
1
1
1
-2
1
-1
-2
2
15
0
0
0
0
0
0
0
0
0
0
0
0
0
0
0
0
~

club~
~
0
~
0
0
-1
3
3
2
2
2
-1
-1
4
2
-2
1
1
1
1
1
-2
-2
1
1
3
15
0
0
0
0
0
0
0
0
0
0
0
0
0
0
0
0
~

staff~
~
0
~
0
0
3
2
2
1
1
1
2
-1
2
3
1
1
1
1
1
1
1
-2
1
1
4
15
0
0
0
0
0
0
0
0
0
0
0
0
0
0
0
0
~

polearm~
spear~
5
staff~
5
0
-1
-1
-1
3
4
-1
-1
-1
-1
-1
-2
-2
-2
1
5
-2
-2
-2
-2
-2
5
15
0
0
0
0
0
0
0
0
0
0
0
0
0
0
0
0
~

mace~
club~
5
~
3
0
-1
3
5
2
3
3
-1
-1
-1
-1
-2
1
1
1
1
1
-2
-2
-1
-2
6
15
0
0
0
0
0
0
0
0
0
0
0
0
0
0
0
0
~

whip~
~
0
~
0
0
6
5
5
2
-1
4
4
-1
3
-1
1
1
1
1
-2
1
1
-2
1
-2
7
10
0
0
0
0
0
0
0
0
0
0
0
0
0
0
0
0
~

axe~
~
0
~
0
0
-1
-1
6
3
4
4
-1
3
-1
-1
-2
-2
1
1
1
1
-2
1
-1
-2
8
15
0
0
0
0
0
0
0
0
0
0
0
0
0
0
0
0
~

bow~
~
3
~
3
0
-1
-1
-1
2
-1
2
-1
-1
-1
-1
-2
-2
-2
1
1
1
-2
-2
-2
-2
9
10
0
0
0
0
0
0
0
0
0
0
0
0
0
0
0
0
~

spear~
~
0
~
0
0
-1
-1
4
2
3
3
-1
2
-1
3
-1
-1
1
1
1
1
-1
1
-1
1
10
15
0
0
0
0
0
0
0
0
0
0
0
0
0
0
0
0
~

crossbow~
~
0
~
0
0
-1
-1
4
2
3
3
-1
-1
-1
-1
-1
-1
1
1
1
1
-1
-1
-1
-2
11
15
0
0
0
0
0
0
0
0
0
0
0
0
0
0
0
0
~

sling~
~
0
~
0
0
-1
5
4
2
3
3
-1
-1
-1
2
-1
5
1
1
1
1
-2
-2
-1
1
11
15
0
0
0
0
0
0
0
0
0
0
0
0
0
0
0
0
~

off-hand spear~
spear~
10
~
0
0
-1
-1
-1
-1
-1
-1
-1
6
-1
-1
-1
-1
-1
-1
-1
-1
-1
40
-1
-2
-1
0
0
0
0
0
0
0
0
0
0
0
0
0
0
0
0
0
~

off-hand sword~
sword~
10
~
0
0
-1
-1
-1
-1
-1
-1
-1
6
-1
-1
-1
-1
-1
-1
-1
-1
-1
40
-1
-2
-1
0
0
0
0
0
0
0
0
0
0
0
0
0
0
0
0
0
~

off-hand axe~
axe~
10
~
0
0
-1
-1
-1
-1
-1
-1
-1
6
-1
-1
-1
-1
-1
-1
-1
-1
-1
40
-1
-2
-1
0
0
0
0
0
0
0
0
0
0
0
0
0
0
0
0
0
~

uweapon_16~
~
0
~
0
0
-1
-1
-1
-1
-1
-1
-1
-1
-1
-1
-1
-1
-1
-1
-1
-1
-1
-1
-1
-2
-1
0
0
0
0
0
0
0
0
0
0
0
0
0
0
0
0
0
~

uweapon_17~
~
0
~
0
0
-1
-1
-1
-1
-1
-1
-1
-1
-1
-1
-1
-1
-1
-1
-1
-1
-1
-1
-1
-2
-1
0
0
0
0
0
0
0
0
0
0
0
0
0
0
0
0
0
~

uweapon_18~
~
0
~
0
0
-1
-1
-1
-1
-1
-1
-1
-1
-1
-1
-1
-1
-1
-1
-1
-1
-1
-1
-1
-2
-1
0
0
0
0
0
0
0
0
0
0
0
0
0
0
0
0
0
~

uweapon_19~
~
0
~
0
0
-1
-1
-1
-1
-1
-1
-1
-1
-1
-1
-1
-1
-1
-1
-1
-1
-1
-1
-1
-2
-1
0
0
0
0
0
0
0
0
0
0
0
0
0
0
0
0
0
~

uweapon_20~
~
0
~
0
0
-1
-1
-1
-1
-1
-1
-1
-1
-1
-1
-1
-1
-1
-1
-1
-1
-1
-1
-1
-2
-1
0
0
0
0
0
0
0
0
0
0
0
0
0
0
0
0
0
~

uweapon_21~
~
0
~
0
0
-1
-1
-1
-1
-1
-1
-1
-1
-1
-1
-1
-1
-1
-1
-1
-1
-1
-1
-1
-2
-1
0
0
0
0
0
0
0
0
0
0
0
0
0
0
0
0
0
~

uweapon_22~
~
0
~
0
0
-1
-1
-1
-1
-1
-1
-1
-1
-1
-1
-1
-1
-1
-1
-1
-1
-1
-1
-1
-2
-1
0
0
0
0
0
0
0
0
0
0
0
0
0
0
0
0
0
~

uweapon_23~
~
0
~
0
0
-1
-1
-1
-1
-1
-1
-1
-1
-1
-1
-1
-1
-1
-1
-1
-1
-1
-1
-1
-2
-1
0
0
0
0
0
0
0
0
0
0
0
0
0
0
0
0
0
~

uweapon_24~
~
0
~
0
0
-1
-1
-1
-1
-1
-1
-1
-1
-1
-1
-1
-1
-1
-1
-1
-1
-1
-1
-1
-2
-1
0
0
0
0
0
0
0
0
0
0
0
0
0
0
0
0
0
~


